2018.03.02.02.34.14
generation,average_fitness,best_fitness,best_w,best_w_n,best_s_r,best_lambda
Key: 18,3,359,7.49 | Score: 0.9583389;
Key: 1,3,133,12.33 | Score: 0.920944;
Key: 20,3,434,24.6 | Score: 0.94559383;
Key: 14,3,249,18.33 | Score: 0.9286127;
Key: 21,3,316,21.59 | Score: 0.94605005;
Key: 15,3,52,11.84 | Score: 0.9243096;
Key: 4,3,5,2.94 | Score: 0.9300726;
Key: 12,3,235,11.56 | Score: 0.9283155;
Key: 19,3,388,19.15 | Score: 0.9492835;
Key: 21,3,21,6.34 | Score: 0.9469719;
0,0.93784934,0.9583389,18,3,359,7.49
Key: 18,3,359,7.49 | Score: 0.9583389;
Key: 19,3,388,19.15 | Score: 0.9492835;
Key: 21,3,21,6.34 | Score: 0.9469719;
Key: 21,3,316,21.59 | Score: 0.94605005;
Key: 20,3,434,24.6 | Score: 0.94559383;
Key: 20,3,205,12.75 | Score: 0.9540095;
Key: 20,3,354,20.37 | Score: 0.94791746;
Key: 20,3,205,12.75 | Score: 0.9540095;
Key: 20,3,207,12.75 | Score: 0.9538749;
Key: 18,3,373,13.29 | Score: 0.9517566;
1,0.9507806,0.9583389,18,3,359,7.49
Key: 18,3,359,7.49 | Score: 0.9583389;
Key: 20,3,205,12.75 | Score: 0.9540095;
Key: 20,3,205,12.75 | Score: 0.9540095;
Key: 20,3,207,12.75 | Score: 0.9538749;
Key: 18,3,373,13.29 | Score: 0.9517566;
Key: 19,3,283,10.11 | Score: 0.9560322;
Key: 20,3,206,12.75 | Score: 0.9539414;
Key: 20,3,206,12.75 | Score: 0.9539414;
Key: 20,3,206,12.75 | Score: 0.9539414;
Key: 19,3,282,10.11 | Score: 0.9560736;
2,0.95459193,0.9583389,18,3,359,7.49
Key: 18,3,359,7.49 | Score: 0.9583389;
Key: 19,3,282,10.11 | Score: 0.9560736;
Key: 19,3,283,10.11 | Score: 0.9560322;
Key: 20,3,205,12.75 | Score: 0.9540095;
Key: 20,3,205,12.75 | Score: 0.9540095;
Key: 18,3,321,8.8 | Score: 0.95668423;
Key: 18,3,321,8.8 | Score: 0.95668423;
Key: 18,3,321,8.8 | Score: 0.95668423;
Key: 18,3,321,8.8 | Score: 0.95668423;
Key: 19,3,244,11.43 | Score: 0.9546123;
3,0.95598125,0.9583389,18,3,359,7.49
Key: 18,3,359,7.49 | Score: 0.9583389;
Key: 18,3,321,8.8 | Score: 0.95668423;
Key: 18,3,321,8.8 | Score: 0.95668423;
Key: 18,3,321,8.8 | Score: 0.95668423;
Key: 18,3,321,8.8 | Score: 0.95668423;
Key: 18,3,340,8.14 | Score: 0.9572924;
Key: 18,3,340,8.14 | Score: 0.9572924;
Key: 18,3,321,8.8 | Score: 0.95668423;
Key: 18,3,321,8.8 | Score: 0.95668423;
Key: 18,3,321,8.8 | Score: 0.95668423;
4,0.9569713,0.9583389,18,3,359,7.49
Key: 18,3,359,7.49 | Score: 0.9583389;
Key: 18,3,340,8.14 | Score: 0.9572924;
Key: 18,3,340,8.14 | Score: 0.9572924;
Key: 18,3,321,8.8 | Score: 0.95668423;
Key: 18,3,321,8.8 | Score: 0.95668423;
Key: 18,3,331,8.47 | Score: 0.9572211;
Key: 18,3,350,7.81 | Score: 0.95842534;
Key: 18,3,350,7.81 | Score: 0.95842534;
Key: 18,3,331,8.47 | Score: 0.9572211;
Key: 18,3,340,8.14 | Score: 0.9572924;
5,0.95748776,0.95842534,18,3,350,7.81
Key: 18,3,350,7.81 | Score: 0.95842534;
Key: 18,3,350,7.81 | Score: 0.95842534;
Key: 18,3,359,7.49 | Score: 0.9583389;
Key: 18,3,340,8.14 | Score: 0.9572924;
Key: 18,3,340,8.14 | Score: 0.9572924;
Key: 18,3,354,7.65 | Score: 0.95809317;
Key: 18,3,350,7.81 | Score: 0.95842534;
Key: 18,3,345,7.97 | Score: 0.95777017;
Key: 18,3,354,7.65 | Score: 0.95809317;
Key: 18,3,345,7.97 | Score: 0.95777017;
6,0.9579927,0.95842534,18,3,350,7.81
Key: 18,3,350,7.81 | Score: 0.95842534;
Key: 18,3,350,7.81 | Score: 0.95842534;
Key: 18,3,350,7.81 | Score: 0.95842534;
Key: 18,3,357,7.49 | Score: 0.9583646;
Key: 18,3,354,7.65 | Score: 0.95809317;
Key: 18,3,354,7.65 | Score: 0.95809317;
Key: 18,3,354,7.65 | Score: 0.95809317;
Key: 18,3,350,7.81 | Score: 0.95842534;
Key: 18,3,354,7.65 | Score: 0.95809317;
Key: 18,3,354,7.65 | Score: 0.95809317;
7,0.95825326,0.95842534,18,3,350,7.81
Key: 18,3,350,7.81 | Score: 0.95842534;
Key: 18,3,350,7.81 | Score: 0.95842534;
Key: 18,3,350,7.81 | Score: 0.95842534;
Key: 18,3,350,7.81 | Score: 0.95842534;
Key: 18,3,357,7.49 | Score: 0.9583646;
Key: 18,3,350,7.81 | Score: 0.95842534;
Key: 18,3,348,7.81 | Score: 0.95846933;
Key: 18,3,350,7.81 | Score: 0.95842534;
Key: 18,3,350,7.81 | Score: 0.95842534;
Key: 18,3,350,7.81 | Score: 0.95842534;
8,0.95842373,0.95846933,18,3,348,7.81
Key: 18,3,348,7.81 | Score: 0.95846933;
Key: 18,3,350,7.81 | Score: 0.95842534;
Key: 18,3,350,7.81 | Score: 0.95842534;
Key: 18,3,350,7.81 | Score: 0.95842534;
Key: 18,3,350,7.81 | Score: 0.95842534;
Key: 18,3,350,7.81 | Score: 0.95842534;
Key: 18,3,350,7.81 | Score: 0.95842534;
Key: 18,3,349,7.81 | Score: 0.9584511;
Key: 18,3,349,7.81 | Score: 0.9584511;
Key: 18,3,350,7.81 | Score: 0.95842534;
9,0.95843494,0.95846933,18,3,348,7.81
2018.03.02.04.22.51
2018.03.02.04.23.21
generation,average_fitness,best_fitness,best_w,best_w_n,best_s_r,best_lambda
Key: 1,3,71,2.97 | Score: 0.9385085;
Key: 20,3,440,8.78 | Score: 0.9506757;
Key: 15,3,91,9.99 | Score: 0.9284113;
Key: 6,3,27,17.39 | Score: 0.93552595;
Key: 1,3,296,24.16 | Score: 0.92764205;
Key: 20,3,375,8.2 | Score: 0.9521933;
Key: 16,3,372,24.3 | Score: 0.9370315;
Key: 6,3,181,13.03 | Score: 0.92862093;
Key: 17,3,261,14.77 | Score: 0.94782054;
Key: 21,3,248,15.93 | Score: 0.95005786;
0,0.93964875,0.9521933,20,3,375,8.2
Key: 20,3,375,8.2 | Score: 0.9521933;
Key: 20,3,440,8.78 | Score: 0.9506757;
Key: 21,3,248,15.93 | Score: 0.95005786;
Key: 17,3,260,14.77 | Score: 0.94784606;
Key: 1,3,71,2.97 | Score: 0.9385085;
Key: 20,3,344,12.35 | Score: 0.9516287;
Key: 20,3,344,12.35 | Score: 0.9516287;
Key: 20,3,312,12.06 | Score: 0.9526636;
Key: 20,3,312,12.06 | Score: 0.9526636;
Key: 20,3,344,12.35 | Score: 0.9516287;
1,0.94994944,0.9526636,20,3,312,12.06
Key: 20,3,312,12.06 | Score: 0.9526636;
Key: 20,3,312,12.06 | Score: 0.9526636;
Key: 20,3,375,8.2 | Score: 0.9521933;
Key: 20,3,344,12.35 | Score: 0.9516287;
Key: 20,3,344,12.35 | Score: 0.9516287;
Key: 20,3,328,12.2 | Score: 0.95212525;
Key: 20,3,312,12.06 | Score: 0.9526636;
Key: 20,3,360,10.27 | Score: 0.95222735;
Key: 20,3,360,10.27 | Score: 0.95222735;
Key: 20,3,343,10.13 | Score: 0.9527626;
2,0.95227844,0.9527626,20,3,343,10.13
Key: 20,3,343,10.13 | Score: 0.9527626;
Key: 20,3,312,12.06 | Score: 0.9526636;
Key: 20,3,312,12.06 | Score: 0.9526636;
Key: 20,3,312,12.06 | Score: 0.9526636;
Key: 20,3,360,10.27 | Score: 0.95222735;
Key: 20,3,312,12.06 | Score: 0.9526636;
Key: 20,3,312,12.06 | Score: 0.9526636;
Key: 20,3,328,11.09 | Score: 0.9527843;
Key: 20,3,328,11.09 | Score: 0.9527843;
Key: 20,3,312,12.06 | Score: 0.9526636;
3,0.952654,0.9527843,20,3,328,11.09
Key: 20,3,328,11.09 | Score: 0.9527843;
Key: 20,3,328,11.09 | Score: 0.9527843;
Key: 20,3,343,10.13 | Score: 0.9527626;
Key: 20,3,312,12.06 | Score: 0.9526636;
Key: 20,3,312,12.06 | Score: 0.9526636;
Key: 20,3,320,11.57 | Score: 0.95265746;
Key: 20,3,328,11.09 | Score: 0.9527843;
Key: 20,3,330,11.09 | Score: 0.9527116;
Key: 20,3,335,10.61 | Score: 0.9526621;
Key: 20,3,335,10.61 | Score: 0.9526621;
4,0.9527136,0.9527843,20,3,328,11.09
Key: 20,3,328,11.09 | Score: 0.9527843;
Key: 20,3,328,11.09 | Score: 0.9527843;
Key: 20,3,328,11.09 | Score: 0.9527843;
Key: 20,3,343,10.13 | Score: 0.9527626;
Key: 20,3,330,11.09 | Score: 0.9527116;
Key: 20,3,328,11.09 | Score: 0.9527843;
Key: 20,3,328,11.09 | Score: 0.9527843;
Key: 20,3,335,10.61 | Score: 0.9526621;
Key: 20,3,335,10.61 | Score: 0.9526621;
Key: 20,3,328,11.09 | Score: 0.9527843;
5,0.9527505,0.9527843,20,3,328,11.09
Key: 20,3,328,11.09 | Score: 0.9527843;
Key: 20,3,328,11.09 | Score: 0.9527843;
Key: 20,3,328,11.09 | Score: 0.9527843;
Key: 20,3,328,11.09 | Score: 0.9527843;
Key: 20,3,328,11.09 | Score: 0.9527843;
Key: 20,3,328,11.09 | Score: 0.9527843;
Key: 20,3,328,11.09 | Score: 0.9527843;
Key: 20,3,328,11.09 | Score: 0.9527843;
Key: 20,3,328,11.09 | Score: 0.9527843;
Key: 20,3,328,11.09 | Score: 0.9527843;
6,0.9527844,0.9527843,20,3,328,11.09
Key: 20,3,328,11.09 | Score: 0.9527843;
Key: 20,3,328,11.09 | Score: 0.9527843;
Key: 20,3,328,11.09 | Score: 0.9527843;
Key: 20,3,328,11.09 | Score: 0.9527843;
Key: 20,3,328,11.09 | Score: 0.9527843;
Key: 20,3,328,11.09 | Score: 0.9527843;
Key: 20,3,328,11.09 | Score: 0.9527843;
Key: 20,3,328,11.09 | Score: 0.9527843;
Key: 20,3,328,11.09 | Score: 0.9527843;
Key: 20,3,328,11.09 | Score: 0.9527843;
7,0.9527844,0.9527843,20,3,328,11.09
Key: 20,3,328,11.09 | Score: 0.9527843;
Key: 20,3,328,11.09 | Score: 0.9527843;
Key: 20,3,328,11.09 | Score: 0.9527843;
Key: 20,3,328,11.09 | Score: 0.9527843;
Key: 20,3,328,11.09 | Score: 0.9527843;
Key: 20,3,328,11.09 | Score: 0.9527843;
Key: 20,3,328,11.09 | Score: 0.9527843;
Key: 20,3,328,11.09 | Score: 0.9527843;
Key: 20,3,328,11.09 | Score: 0.9527843;
Key: 20,3,328,11.09 | Score: 0.9527843;
8,0.9527844,0.9527843,20,3,328,11.09
Key: 20,3,328,11.09 | Score: 0.9527843;
Key: 20,3,328,11.09 | Score: 0.9527843;
Key: 20,3,330,11.09 | Score: 0.9527116;
Key: 20,3,328,11.09 | Score: 0.9527843;
Key: 20,3,328,11.09 | Score: 0.9527843;
Key: 20,3,328,11.09 | Score: 0.9527843;
Key: 20,3,328,11.09 | Score: 0.9527843;
Key: 20,3,328,11.09 | Score: 0.9527843;
Key: 20,3,328,11.09 | Score: 0.9527843;
Key: 20,3,328,11.09 | Score: 0.9527843;
9,0.9527771,0.9527843,20,3,328,11.09
2018.03.02.05.51.29
2018.03.02.05.52.00
generation,average_fitness,best_fitness,best_w,best_w_n,best_s_r,best_lambda
Key: 20,3,5,16.1 | Score: 0.91321224;
Key: 16,3,348,13.51 | Score: 0.94594586;
Key: 13,3,77,13.16 | Score: 0.9232257;
Key: 15,3,254,25.81 | Score: 0.92891943;
Key: 19,3,201,6.0 | Score: 0.9608892;
Key: 21,3,399,10.45 | Score: 0.9466375;
Key: 18,3,329,28.99 | Score: 0.94162685;
Key: 10,3,321,1.92 | Score: 0.95263195;
Key: 18,3,346,29.61 | Score: 0.9414949;
Key: 7,3,101,8.24 | Score: 0.9314937;
0,0.9386077,0.9608892,19,3,201,6.0
Key: 19,3,201,6.0 | Score: 0.9608892;
Key: 10,3,321,1.92 | Score: 0.95263195;
Key: 21,3,399,10.45 | Score: 0.9466375;
Key: 16,3,348,13.51 | Score: 0.94594586;
Key: 18,3,329,28.99 | Score: 0.94162685;
Key: 15,3,360,6.17 | Score: 0.9542311;
Key: 15,3,360,6.17 | Score: 0.9542311;
Key: 15,3,261,3.97 | Score: 0.95948607;
Key: 13,3,334,7.69 | Score: 0.9405799;
Key: 13,3,334,7.69 | Score: 0.9405799;
1,0.94968396,0.9608892,19,3,201,6.0
Key: 19,3,201,6.0 | Score: 0.9608892;
Key: 15,3,261,3.97 | Score: 0.95948607;
Key: 15,3,360,6.17 | Score: 0.9542311;
Key: 15,3,360,6.17 | Score: 0.9542311;
Key: 10,3,321,1.92 | Score: 0.95263195;
Key: 17,3,280,6.08 | Score: 0.95982766;
Key: 17,3,280,6.08 | Score: 0.95982766;
Key: 15,3,310,5.07 | Score: 0.95661557;
Key: 17,3,231,4.99 | Score: 0.95903915;
Key: 15,3,310,5.07 | Score: 0.95661557;
2,0.95733947,0.9608892,19,3,201,6.0
Key: 19,3,201,6.0 | Score: 0.9608892;
Key: 17,3,280,6.08 | Score: 0.95982766;
Key: 17,3,280,6.08 | Score: 0.95982766;
Key: 15,3,261,3.97 | Score: 0.95948607;
Key: 17,3,231,4.99 | Score: 0.95903915;
Key: 17,3,280,6.08 | Score: 0.95982766;
Key: 18,3,240,6.04 | Score: 0.9581903;
Key: 17,3,280,6.08 | Score: 0.95982766;
Key: 18,3,240,6.04 | Score: 0.9581903;
Key: 17,3,280,6.08 | Score: 0.95982766;
3,0.95949334,0.9608892,19,3,201,6.0
Key: 19,3,201,6.0 | Score: 0.9608892;
Key: 17,3,280,6.08 | Score: 0.95982766;
Key: 17,3,280,6.08 | Score: 0.95982766;
Key: 17,3,280,6.08 | Score: 0.95982766;
Key: 17,3,280,6.08 | Score: 0.95982766;
Key: 18,3,240,6.04 | Score: 0.9581903;
Key: 17,3,280,6.08 | Score: 0.95982766;
Key: 17,3,280,6.08 | Score: 0.95982766;
Key: 17,3,280,6.08 | Score: 0.95982766;
Key: 17,3,280,6.08 | Score: 0.95982766;
4,0.95977,0.9608892,19,3,201,6.0
Key: 19,3,201,6.0 | Score: 0.9608892;
Key: 17,3,281,6.08 | Score: 0.95981264;
Key: 17,3,280,6.08 | Score: 0.95982766;
Key: 17,3,280,6.08 | Score: 0.95982766;
Key: 17,3,280,6.08 | Score: 0.95982766;
Key: 18,3,240,6.04 | Score: 0.9581903;
Key: 18,3,240,6.04 | Score: 0.9581903;
Key: 18,3,240,6.04 | Score: 0.9581903;
Key: 17,3,280,6.08 | Score: 0.95982766;
Key: 17,3,280,6.08 | Score: 0.95982766;
5,0.95944107,0.9608892,19,3,201,6.0
Key: 19,3,201,6.0 | Score: 0.9608892;
Key: 17,3,280,6.08 | Score: 0.95982766;
Key: 17,3,280,6.08 | Score: 0.95982766;
Key: 17,3,280,6.08 | Score: 0.95982766;
Key: 17,3,280,6.08 | Score: 0.95982766;
Key: 18,3,240,6.04 | Score: 0.9581903;
Key: 17,3,280,6.08 | Score: 0.95982766;
Key: 18,3,240,6.04 | Score: 0.9581903;
Key: 17,3,280,6.08 | Score: 0.95982766;
Key: 18,3,240,6.04 | Score: 0.9581903;
6,0.9594426,0.9608892,19,3,201,6.0
Key: 19,3,201,6.0 | Score: 0.9608892;
Key: 17,3,280,6.08 | Score: 0.95982766;
Key: 17,3,280,6.08 | Score: 0.95982766;
Key: 17,3,280,6.08 | Score: 0.95982766;
Key: 17,3,280,6.08 | Score: 0.95982766;
Key: 17,3,280,6.08 | Score: 0.95982766;
Key: 18,3,240,6.04 | Score: 0.9581903;
Key: 17,3,280,6.08 | Score: 0.95982766;
Key: 17,3,280,6.08 | Score: 0.95982766;
Key: 18,3,240,6.04 | Score: 0.9581903;
7,0.9596063,0.9608892,19,3,201,6.0
Key: 19,3,201,6.0 | Score: 0.9608892;
Key: 17,3,280,6.08 | Score: 0.95982766;
Key: 17,3,280,6.08 | Score: 0.95982766;
Key: 17,3,281,6.08 | Score: 0.95981264;
Key: 17,3,280,6.08 | Score: 0.95982766;
Key: 18,3,240,6.04 | Score: 0.9581903;
Key: 18,3,240,6.04 | Score: 0.9581903;
Key: 18,3,240,6.04 | Score: 0.9581903;
Key: 17,3,280,6.08 | Score: 0.95982766;
Key: 17,3,280,6.08 | Score: 0.95982766;
8,0.95944107,0.9608892,19,3,201,6.0
Key: 19,3,201,6.0 | Score: 0.9608892;
Key: 17,3,280,6.08 | Score: 0.95982766;
Key: 17,3,280,6.08 | Score: 0.95982766;
Key: 17,3,282,6.08 | Score: 0.9597991;
Key: 17,3,280,6.08 | Score: 0.95982766;
Key: 18,3,240,6.04 | Score: 0.9581903;
Key: 17,3,280,6.08 | Score: 0.95982766;
Key: 18,3,240,6.04 | Score: 0.9581903;
Key: 17,3,280,6.08 | Score: 0.95982766;
Key: 17,3,280,6.08 | Score: 0.95982766;
9,0.9596035,0.9608892,19,3,201,6.0
2018.03.02.07.00.24
2018.03.02.07.00.54
generation,average_fitness,best_fitness,best_w,best_w_n,best_s_r,best_lambda
Key: 5,3,366,12.38 | Score: 0.9302809;
Key: 20,3,107,6.38 | Score: 0.9448111;
Key: 19,3,60,23.96 | Score: 0.91645885;
Key: 21,3,52,18.57 | Score: 0.9168641;
Key: 2,3,264,22.9 | Score: 0.93257284;
Key: 12,3,261,7.76 | Score: 0.93604624;
Key: 10,3,330,12.62 | Score: 0.9243166;
Key: 14,3,32,2.89 | Score: 0.9444839;
Key: 20,3,113,22.45 | Score: 0.9291911;
Key: 10,3,440,23.08 | Score: 0.91827875;
0,0.92933047,0.9448111,20,3,107,6.38
Key: 20,3,107,6.38 | Score: 0.9448111;
Key: 14,3,32,2.89 | Score: 0.9444839;
Key: 12,3,261,7.76 | Score: 0.93604624;
Key: 2,3,264,22.9 | Score: 0.93257284;
Key: 5,3,366,12.38 | Score: 0.9302809;
Key: 11,3,185,14.59 | Score: 0.92285717;
Key: 17,3,70,4.64 | Score: 0.9338431;
Key: 11,3,185,14.59 | Score: 0.92285717;
Key: 8,3,147,12.83 | Score: 0.92561;
Key: 16,3,184,7.07 | Score: 0.9504253;
1,0.93437874,0.9504253,16,3,184,7.07
Key: 16,3,184,7.07 | Score: 0.9504253;
Key: 20,3,107,6.38 | Score: 0.9448111;
Key: 14,3,32,2.89 | Score: 0.9444839;
Key: 12,3,261,7.76 | Score: 0.93604624;
Key: 17,3,70,4.64 | Score: 0.9338431;
Key: 14,3,220,7.41 | Score: 0.9443584;
Key: 16,3,184,7.07 | Score: 0.9504253;
Key: 17,3,70,4.64 | Score: 0.9338431;
Key: 18,3,146,6.73 | Score: 0.95214033;
Key: 18,3,146,6.73 | Score: 0.95214033;
2,0.94425166,0.95214033,18,3,146,6.73
Key: 18,3,146,6.73 | Score: 0.95214033;
Key: 18,3,146,6.73 | Score: 0.95214033;
Key: 16,3,184,7.07 | Score: 0.9504253;
Key: 16,3,184,7.07 | Score: 0.9504253;
Key: 20,3,107,6.38 | Score: 0.9448111;
Key: 17,3,165,6.9 | Score: 0.9532587;
Key: 17,3,165,6.9 | Score: 0.9532587;
Key: 18,3,146,6.73 | Score: 0.95214033;
Key: 17,3,165,6.9 | Score: 0.9532587;
Key: 18,3,146,6.73 | Score: 0.95214033;
3,0.9513999,0.9532587,17,3,165,6.9
Key: 17,3,165,6.9 | Score: 0.9532587;
Key: 17,3,165,6.9 | Score: 0.9532587;
Key: 17,3,165,6.9 | Score: 0.9532587;
Key: 18,3,146,6.73 | Score: 0.95214033;
Key: 18,3,146,6.73 | Score: 0.95214033;
Key: 17,3,165,6.9 | Score: 0.9532587;
Key: 17,3,156,6.82 | Score: 0.95328873;
Key: 17,3,165,6.9 | Score: 0.9532587;
Key: 17,3,156,6.82 | Score: 0.95328873;
Key: 17,3,165,6.9 | Score: 0.9532587;
4,0.9530411,0.95328873,17,3,156,6.82
Key: 17,3,156,6.82 | Score: 0.95328873;
Key: 17,3,156,6.82 | Score: 0.95328873;
Key: 17,3,165,6.9 | Score: 0.9532587;
Key: 17,3,165,6.9 | Score: 0.9532587;
Key: 17,3,165,6.9 | Score: 0.9532587;
Key: 17,3,160,6.86 | Score: 0.9533172;
Key: 17,3,160,6.86 | Score: 0.9533172;
Key: 17,3,160,6.86 | Score: 0.9533172;
Key: 17,3,160,6.86 | Score: 0.9533172;
Key: 17,3,160,6.86 | Score: 0.9533172;
5,0.9532939,0.9533172,17,3,160,6.86
Key: 17,3,160,6.86 | Score: 0.9533172;
Key: 17,3,160,6.86 | Score: 0.9533172;
Key: 17,3,160,6.86 | Score: 0.9533172;
Key: 17,3,160,6.86 | Score: 0.9533172;
Key: 17,3,160,6.86 | Score: 0.9533172;
Key: 17,3,160,6.86 | Score: 0.9533172;
Key: 17,3,160,6.86 | Score: 0.9533172;
Key: 17,3,160,6.86 | Score: 0.9533172;
Key: 17,3,160,6.86 | Score: 0.9533172;
Key: 17,3,162,6.86 | Score: 0.9532076;
6,0.9533063,0.9533172,17,3,160,6.86
Key: 17,3,160,6.86 | Score: 0.9533172;
Key: 17,3,160,6.86 | Score: 0.9533172;
Key: 17,3,160,6.86 | Score: 0.9533172;
Key: 17,3,160,6.86 | Score: 0.9533172;
Key: 17,3,160,6.86 | Score: 0.9533172;
Key: 17,3,160,6.86 | Score: 0.9533172;
Key: 17,3,160,6.86 | Score: 0.9533172;
Key: 17,3,160,6.86 | Score: 0.9533172;
Key: 17,3,160,6.86 | Score: 0.9533172;
Key: 17,3,160,6.86 | Score: 0.9533172;
7,0.9533173,0.9533172,17,3,160,6.86
Key: 17,3,160,6.86 | Score: 0.9533172;
Key: 17,3,160,6.86 | Score: 0.9533172;
Key: 17,3,160,6.86 | Score: 0.9533172;
Key: 17,3,160,6.86 | Score: 0.9533172;
Key: 17,3,160,6.86 | Score: 0.9533172;
Key: 17,3,160,6.86 | Score: 0.9533172;
Key: 17,3,160,6.86 | Score: 0.9533172;
Key: 17,3,160,6.86 | Score: 0.9533172;
Key: 17,3,160,6.86 | Score: 0.9533172;
Key: 17,3,160,6.86 | Score: 0.9533172;
8,0.9533173,0.9533172,17,3,160,6.86
Key: 17,3,160,6.86 | Score: 0.9533172;
Key: 17,3,160,6.86 | Score: 0.9533172;
Key: 17,3,160,6.86 | Score: 0.9533172;
Key: 17,3,160,6.86 | Score: 0.9533172;
Key: 17,3,160,6.86 | Score: 0.9533172;
Key: 17,3,160,6.86 | Score: 0.9533172;
Key: 17,3,160,6.86 | Score: 0.9533172;
Key: 17,3,160,6.86 | Score: 0.9533172;
Key: 17,3,160,6.86 | Score: 0.9533172;
Key: 17,3,160,6.86 | Score: 0.9533172;
9,0.9533173,0.9533172,17,3,160,6.86
2018.03.02.08.11.00
2018.03.02.08.11.31
generation,average_fitness,best_fitness,best_w,best_w_n,best_s_r,best_lambda
Key: 19,3,315,3.36 | Score: 0.9561945;
Key: 20,3,496,3.69 | Score: 0.9469939;
Key: 16,3,198,18.83 | Score: 0.93475163;
Key: 4,3,122,25.52 | Score: 0.9330882;
Key: 16,3,277,14.83 | Score: 0.9430651;
Key: 15,3,212,9.65 | Score: 0.94352525;
Key: 7,3,56,22.11 | Score: 0.929837;
Key: 4,3,219,7.36 | Score: 0.93532324;
Key: 4,3,76,29.61 | Score: 0.93624574;
Key: 7,3,261,8.46 | Score: 0.9299966;
0,0.9389022,0.9561945,19,3,315,3.36
Key: 19,3,315,3.36 | Score: 0.9561945;
Key: 20,3,496,3.69 | Score: 0.9469939;
Key: 15,3,212,9.65 | Score: 0.94352525;
Key: 16,3,277,14.83 | Score: 0.9430651;
Key: 4,3,76,29.61 | Score: 0.93624574;
Key: 18,3,354,6.66 | Score: 0.9573819;
Key: 18,3,296,9.06 | Score: 0.95575297;
Key: 15,3,244,12.24 | Score: 0.9386296;
Key: 18,3,387,9.25 | Score: 0.956619;
Key: 18,3,354,6.66 | Score: 0.9573819;
1,0.949179,0.9573819,18,3,354,6.66
Key: 18,3,354,6.66 | Score: 0.9573819;
Key: 18,3,354,6.66 | Score: 0.9573819;
Key: 18,3,387,9.25 | Score: 0.956619;
Key: 19,3,315,3.36 | Score: 0.9561945;
Key: 18,3,298,9.06 | Score: 0.9556954;
Key: 18,3,335,5.01 | Score: 0.9603363;
Key: 18,3,370,7.95 | Score: 0.958348;
Key: 18,3,351,6.31 | Score: 0.9591245;
Key: 18,3,370,7.95 | Score: 0.958348;
Key: 18,3,335,5.01 | Score: 0.9603363;
2,0.9579765,0.9603363,18,3,335,5.01
Key: 18,3,335,5.01 | Score: 0.9603363;
Key: 18,3,335,5.01 | Score: 0.9603363;
Key: 18,3,351,6.31 | Score: 0.9591245;
Key: 18,3,370,7.95 | Score: 0.958348;
Key: 18,3,370,7.95 | Score: 0.958348;
Key: 18,3,335,5.01 | Score: 0.9603363;
Key: 18,3,360,7.13 | Score: 0.9585011;
Key: 18,3,343,5.66 | Score: 0.9598631;
Key: 18,3,335,5.01 | Score: 0.9603363;
Key: 18,3,343,5.66 | Score: 0.9598631;
3,0.9595394,0.9603363,18,3,335,5.01
Key: 18,3,333,5.01 | Score: 0.9603758;
Key: 18,3,335,5.01 | Score: 0.9603363;
Key: 18,3,333,5.01 | Score: 0.9603758;
Key: 18,3,335,5.01 | Score: 0.9603363;
Key: 18,3,343,5.66 | Score: 0.9598631;
Key: 18,3,335,5.01 | Score: 0.9603363;
Key: 18,3,335,5.01 | Score: 0.9603363;
Key: 18,3,335,5.01 | Score: 0.9603363;
Key: 18,3,335,5.01 | Score: 0.9603363;
Key: 18,3,335,5.01 | Score: 0.9603363;
4,0.9602968,0.9603758,18,3,333,5.01
Key: 18,3,333,5.01 | Score: 0.9603758;
Key: 18,3,333,5.01 | Score: 0.9603758;
Key: 18,3,335,5.01 | Score: 0.9603363;
Key: 18,3,335,5.01 | Score: 0.9603363;
Key: 18,3,335,5.01 | Score: 0.9603363;
Key: 18,3,334,5.01 | Score: 0.96035755;
Key: 18,3,335,5.01 | Score: 0.9603363;
Key: 18,3,332,5.01 | Score: 0.9604;
Key: 18,3,334,5.01 | Score: 0.96035755;
Key: 18,3,334,5.01 | Score: 0.96035755;
5,0.960357,0.9604,18,3,332,5.01
Key: 18,3,332,5.01 | Score: 0.9604;
Key: 18,3,333,5.01 | Score: 0.9603758;
Key: 18,3,335,5.01 | Score: 0.9603363;
Key: 18,3,334,5.01 | Score: 0.96035755;
Key: 18,3,334,5.01 | Score: 0.96035755;
Key: 18,3,333,5.01 | Score: 0.9603758;
Key: 18,3,333,5.01 | Score: 0.9603758;
Key: 18,3,333,5.01 | Score: 0.9603758;
Key: 18,3,334,5.01 | Score: 0.96035755;
Key: 18,3,334,5.01 | Score: 0.96035755;
6,0.960367,0.9604,18,3,332,5.01
Key: 18,3,332,5.01 | Score: 0.9604;
Key: 18,3,333,5.01 | Score: 0.9603758;
Key: 18,3,333,5.01 | Score: 0.9603758;
Key: 18,3,333,5.01 | Score: 0.9603758;
Key: 18,3,333,5.01 | Score: 0.9603758;
Key: 18,3,333,5.01 | Score: 0.9603758;
Key: 18,3,333,5.01 | Score: 0.9603758;
Key: 18,3,333,5.01 | Score: 0.9603758;
Key: 18,3,333,5.01 | Score: 0.9603758;
Key: 18,3,333,5.01 | Score: 0.9603758;
7,0.96037817,0.9604,18,3,332,5.01
Key: 18,3,332,5.01 | Score: 0.9604;
Key: 18,3,333,5.01 | Score: 0.9603758;
Key: 18,3,333,5.01 | Score: 0.9603758;
Key: 18,3,333,5.01 | Score: 0.9603758;
Key: 18,3,333,5.01 | Score: 0.9603758;
Key: 18,3,333,5.01 | Score: 0.9603758;
Key: 18,3,333,5.01 | Score: 0.9603758;
Key: 18,3,333,5.01 | Score: 0.9603758;
Key: 18,3,333,5.01 | Score: 0.9603758;
Key: 18,3,333,5.01 | Score: 0.9603758;
8,0.96037817,0.9604,18,3,332,5.01
Key: 18,3,332,5.01 | Score: 0.9604;
Key: 18,3,333,5.01 | Score: 0.9603758;
Key: 18,3,333,5.01 | Score: 0.9603758;
Key: 18,3,333,5.01 | Score: 0.9603758;
Key: 18,3,333,5.01 | Score: 0.9603758;
Key: 18,3,333,5.01 | Score: 0.9603758;
Key: 18,3,333,5.01 | Score: 0.9603758;
Key: 18,3,333,5.01 | Score: 0.9603758;
Key: 18,3,333,5.01 | Score: 0.9603758;
Key: 18,3,333,5.01 | Score: 0.9603758;
9,0.96037817,0.9604,18,3,332,5.01
2018.03.02.09.29.57
