2018.03.11.10.43.10
generation,average_fitness,best_fitness,best_w,best_w_n,best_s_r,best_lambda
Key: 9,3,135,1.88 | Score: 0.9507814;
Key: 21,3,350,17.71 | Score: 0.9479612;
Key: 1,3,72,8.73 | Score: 0.9222913;
Key: 18,3,353,28.54 | Score: 0.9428655;
Key: 19,3,275,8.31 | Score: 0.9569788;
Key: 14,3,432,20.11 | Score: 0.93033564;
Key: 16,3,259,2.06 | Score: 0.9621239;
Key: 5,3,162,23.03 | Score: 0.92772436;
Key: 21,3,210,24.8 | Score: 0.94681025;
Key: 6,3,279,6.63 | Score: 0.9359176;
Key: 10,3,3,28.29 | Score: 0.91800535;
Key: 14,3,370,29.86 | Score: 0.92515814;
Key: 4,3,279,29.52 | Score: 0.9320848;
Key: 5,3,474,8.32 | Score: 0.9328452;
Key: 2,3,497,7.6 | Score: 0.9330046;
Key: 13,3,398,10.28 | Score: 0.93688965;
Key: 13,3,184,17.42 | Score: 0.92507243;
Key: 10,3,114,17.98 | Score: 0.9211018;
Key: 1,3,305,1.55 | Score: 0.9498915;
Key: 2,3,289,14.94 | Score: 0.92692;
Key: 2,3,44,29.18 | Score: 0.9329266;
Key: 7,3,355,10.28 | Score: 0.9279521;
Key: 1,3,130,10.13 | Score: 0.9214103;
Key: 17,3,266,29.53 | Score: 0.93752146;
Key: 2,3,377,21.77 | Score: 0.92901075;
0,0.9349433,0.9621239,16,3,259,2.06
Key: 16,3,259,2.06 | Score: 0.9621239;
Key: 19,3,275,8.31 | Score: 0.9569788;
Key: 9,3,135,1.88 | Score: 0.9507814;
Key: 1,3,305,1.55 | Score: 0.9498915;
Key: 21,3,350,17.71 | Score: 0.9479612;
Key: 21,3,210,24.8 | Score: 0.94681025;
Key: 18,3,355,28.54 | Score: 0.9432344;
Key: 17,3,266,29.53 | Score: 0.93752146;
Key: 13,3,398,10.28 | Score: 0.93688965;
Key: 6,3,279,6.63 | Score: 0.9359176;
Key: 2,3,497,7.6 | Score: 0.9330046;
Key: 2,3,44,29.18 | Score: 0.9329266;
Key: 5,3,474,8.32 | Score: 0.9328452;
Key: 17,3,304,17.58 | Score: 0.94457686;
Key: 14,3,244,15.77 | Score: 0.9308225;
Key: 15,3,242,9.78 | Score: 0.945732;
Key: 10,3,290,4.94 | Score: 0.9393318;
Key: 18,3,235,13.34 | Score: 0.9527147;
Key: 20,3,281,26.67 | Score: 0.9470659;
Key: 9,3,329,14.99 | Score: 0.92145544;
Key: 3,3,292,4.07 | Score: 0.9435387;
Key: 17,3,306,15.17 | Score: 0.9476706;
Key: 17,3,267,5.18 | Score: 0.9597313;
Key: 15,3,172,13.32 | Score: 0.9356495;
Key: 19,3,308,23.59 | Score: 0.9475067;
1,0.94330734,0.9621239,16,3,259,2.06
Key: 16,3,259,2.06 | Score: 0.9621239;
Key: 17,3,267,5.18 | Score: 0.9597313;
Key: 19,3,275,8.31 | Score: 0.9569788;
Key: 18,3,235,13.34 | Score: 0.9527147;
Key: 9,3,135,1.88 | Score: 0.9507814;
Key: 1,3,305,1.55 | Score: 0.9498915;
Key: 21,3,350,17.71 | Score: 0.9479612;
Key: 17,3,307,15.17 | Score: 0.94765687;
Key: 19,3,308,23.59 | Score: 0.9475067;
Key: 20,3,280,26.67 | Score: 0.9464787;
Key: 21,3,210,24.8 | Score: 0.94681025;
Key: 15,3,242,9.78 | Score: 0.945732;
Key: 17,3,304,17.58 | Score: 0.94457686;
Key: 20,3,312,12.99 | Score: 0.95317745;
Key: 18,3,290,11.72 | Score: 0.9536083;
Key: 9,3,305,8.35 | Score: 0.9299916;
Key: 9,3,305,8.35 | Score: 0.9299916;
Key: 19,3,291,15.91 | Score: 0.9523724;
Key: 18,3,271,18.45 | Score: 0.9473808;
Key: 18,3,274,15.85 | Score: 0.95034564;
Key: 18,3,294,20.92 | Score: 0.946069;
Key: 19,3,292,15.52 | Score: 0.9515784;
Key: 19,3,258,19.99 | Score: 0.9482568;
Key: 5,3,220,1.72 | Score: 0.95271164;
Key: 18,3,304,9.83 | Score: 0.9556302;
2,0.9492021,0.9621239,16,3,259,2.06
Key: 16,3,259,2.06 | Score: 0.9621239;
Key: 17,3,266,5.18 | Score: 0.9582468;
Key: 19,3,275,8.31 | Score: 0.9569788;
Key: 18,3,304,9.83 | Score: 0.9556302;
Key: 18,3,290,11.72 | Score: 0.9536083;
Key: 20,3,312,12.99 | Score: 0.95317745;
Key: 18,3,235,13.34 | Score: 0.9527147;
Key: 5,3,220,1.72 | Score: 0.95271164;
Key: 19,3,291,15.91 | Score: 0.9523724;
Key: 19,3,292,15.52 | Score: 0.9515784;
Key: 9,3,135,1.88 | Score: 0.9507814;
Key: 18,3,274,15.85 | Score: 0.95034564;
Key: 1,3,305,1.55 | Score: 0.9498915;
Key: 11,3,240,1.89 | Score: 0.9560081;
Key: 17,3,275,8.95 | Score: 0.95410573;
Key: 18,3,298,12.86 | Score: 0.9517244;
Key: 11,3,244,3.46 | Score: 0.94666547;
Key: 12,3,255,6.72 | Score: 0.93914855;
Key: 12,3,255,8.81 | Score: 0.93424726;
Key: 18,3,290,13.81 | Score: 0.95212096;
Key: 17,3,267,5.18 | Score: 0.9597313;
Key: 16,3,263,3.62 | Score: 0.9606288;
Key: 11,3,240,1.89 | Score: 0.9560081;
Key: 18,3,298,12.86 | Score: 0.9517244;
Key: 17,3,281,5.93 | Score: 0.9588301;
3,0.95284414,0.9621239,16,3,259,2.06
Key: 16,3,259,2.06 | Score: 0.9621239;
Key: 16,3,263,3.62 | Score: 0.9606288;
Key: 17,3,267,5.18 | Score: 0.9597313;
Key: 17,3,281,5.93 | Score: 0.9588301;
Key: 17,3,266,5.18 | Score: 0.9582468;
Key: 19,3,275,8.31 | Score: 0.9569788;
Key: 11,3,240,1.89 | Score: 0.9560081;
Key: 11,3,242,1.89 | Score: 0.95600617;
Key: 18,3,304,9.83 | Score: 0.9556302;
Key: 17,3,275,8.95 | Score: 0.95410573;
Key: 18,3,290,11.72 | Score: 0.9536083;
Key: 20,3,312,12.99 | Score: 0.95317745;
Key: 18,3,235,13.34 | Score: 0.9527147;
Key: 14,3,257,5.42 | Score: 0.9499004;
Key: 18,3,290,9.39 | Score: 0.95687693;
Key: 11,3,240,1.89 | Score: 0.9560081;
Key: 17,3,281,5.93 | Score: 0.9588301;
Key: 16,3,263,3.62 | Score: 0.9606288;
Key: 16,3,265,4.4 | Score: 0.9595814;
Key: 14,3,253,3.54 | Score: 0.9570006;
Key: 14,3,272,5.86 | Score: 0.95010793;
Key: 16,3,269,6.28 | Score: 0.95656836;
Key: 14,3,272,5.86 | Score: 0.95010793;
Key: 17,3,267,5.18 | Score: 0.9597313;
Key: 18,3,278,7.12 | Score: 0.95896584;
4,0.9564838,0.9621239,16,3,259,2.06
Key: 16,3,259,2.06 | Score: 0.9621239;
Key: 16,3,263,3.62 | Score: 0.9606288;
Key: 16,3,263,3.62 | Score: 0.9606288;
Key: 17,3,267,5.18 | Score: 0.9597313;
Key: 17,3,267,5.18 | Score: 0.9597313;
Key: 16,3,265,4.4 | Score: 0.9595814;
Key: 18,3,278,7.12 | Score: 0.95896584;
Key: 17,3,283,5.93 | Score: 0.95878327;
Key: 17,3,281,5.93 | Score: 0.9588301;
Key: 17,3,266,5.18 | Score: 0.9582468;
Key: 14,3,253,3.54 | Score: 0.9570006;
Key: 19,3,275,8.31 | Score: 0.9569788;
Key: 18,3,290,9.39 | Score: 0.95687693;
Key: 16,3,265,4.4 | Score: 0.9595814;
Key: 17,3,270,5.37 | Score: 0.95903105;
Key: 18,3,272,6.15 | Score: 0.958238;
Key: 16,3,272,4.77 | Score: 0.958478;
Key: 17,3,272,6.15 | Score: 0.95985806;
Key: 17,3,270,5.37 | Score: 0.95903105;
Key: 16,3,263,3.62 | Score: 0.9606288;
Key: 17,3,270,5.37 | Score: 0.95903105;
Key: 17,3,267,5.18 | Score: 0.9597313;
Key: 16,3,270,3.99 | Score: 0.9586728;
Key: 16,3,272,4.77 | Score: 0.958478;
Key: 16,3,265,4.4 | Score: 0.9595814;
5,0.959138,0.9621239,16,3,259,2.06
Key: 16,3,259,2.06 | Score: 0.9621239;
Key: 16,3,263,3.62 | Score: 0.9606288;
Key: 16,3,263,3.62 | Score: 0.9606288;
Key: 16,3,263,3.62 | Score: 0.9606288;
Key: 17,3,272,6.15 | Score: 0.95985806;
Key: 17,3,267,5.18 | Score: 0.9597313;
Key: 17,3,267,5.18 | Score: 0.9597313;
Key: 17,3,267,5.18 | Score: 0.9597313;
Key: 16,3,265,4.4 | Score: 0.9595814;
Key: 16,3,265,4.4 | Score: 0.9595814;
Key: 16,3,265,4.4 | Score: 0.9595814;
Key: 17,3,270,5.37 | Score: 0.95903105;
Key: 17,3,270,5.37 | Score: 0.95903105;
Key: 17,3,267,5.18 | Score: 0.9597313;
Key: 17,3,270,5.67 | Score: 0.9594153;
Key: 16,3,265,4.4 | Score: 0.9595814;
Key: 16,3,265,4.4 | Score: 0.9595814;
Key: 16,3,263,3.62 | Score: 0.9606288;
Key: 16,3,261,2.84 | Score: 0.961468;
Key: 16,3,264,4.4 | Score: 0.95958334;
Key: 17,3,266,4.79 | Score: 0.96006674;
Key: 17,3,269,5.28 | Score: 0.9586135;
Key: 16,3,265,4.4 | Score: 0.9595814;
Key: 16,3,265,4.4 | Score: 0.9595814;
Key: 16,3,263,3.62 | Score: 0.9606288;
6,0.95993316,0.9621239,16,3,259,2.06
Key: 16,3,258,2.06 | Score: 0.9621432;
Key: 16,3,261,2.84 | Score: 0.961468;
Key: 16,3,263,3.62 | Score: 0.9606288;
Key: 16,3,263,3.62 | Score: 0.9606288;
Key: 16,3,263,3.62 | Score: 0.9606288;
Key: 16,3,263,3.62 | Score: 0.9606288;
Key: 16,3,263,3.62 | Score: 0.9606288;
Key: 17,3,266,4.79 | Score: 0.96006674;
Key: 17,3,272,6.15 | Score: 0.95985806;
Key: 17,3,267,5.18 | Score: 0.9597313;
Key: 17,3,267,5.18 | Score: 0.9597313;
Key: 17,3,267,5.18 | Score: 0.9597313;
Key: 17,3,267,5.18 | Score: 0.9597313;
Key: 16,3,265,4.4 | Score: 0.9595814;
Key: 16,3,265,4.4 | Score: 0.9595814;
Key: 16,3,262,3.23 | Score: 0.96190196;
Key: 16,3,263,3.62 | Score: 0.9606288;
Key: 16,3,263,3.62 | Score: 0.9606288;
Key: 16,3,263,3.81 | Score: 0.96034336;
Key: 16,3,265,4.4 | Score: 0.9595814;
Key: 16,3,262,3.42 | Score: 0.96302855;
Key: 16,3,265,4.4 | Score: 0.9595814;
Key: 16,3,262,3.23 | Score: 0.96190196;
Key: 16,3,261,2.84 | Score: 0.961468;
Key: 16,3,264,4.2 | Score: 0.95836616;
7,0.96048796,0.96302855,16,3,262,3.42
Key: 16,3,262,3.42 | Score: 0.96302855;
Key: 16,3,258,2.06 | Score: 0.9621432;
Key: 16,3,262,3.23 | Score: 0.96190196;
Key: 16,3,262,3.23 | Score: 0.96190196;
Key: 16,3,261,2.84 | Score: 0.961468;
Key: 16,3,261,2.84 | Score: 0.961468;
Key: 16,3,263,3.62 | Score: 0.9606288;
Key: 16,3,263,3.62 | Score: 0.9606288;
Key: 16,3,263,3.62 | Score: 0.9606288;
Key: 16,3,263,3.62 | Score: 0.9606288;
Key: 16,3,263,3.62 | Score: 0.9606288;
Key: 16,3,263,3.62 | Score: 0.9606288;
Key: 16,3,263,3.62 | Score: 0.9606288;
Key: 16,3,260,2.84 | Score: 0.9614757;
Key: 16,3,261,2.84 | Score: 0.961468;
Key: 16,3,262,3.04 | Score: 0.960706;
Key: 16,3,262,3.13 | Score: 0.96130013;
Key: 16,3,263,3.23 | Score: 0.96189815;
Key: 16,3,262,3.52 | Score: 0.96000385;
Key: 16,3,262,3.42 | Score: 0.96302855;
Key: 16,3,263,3.62 | Score: 0.9606288;
Key: 16,3,260,2.84 | Score: 0.9614757;
Key: 16,3,263,3.62 | Score: 0.9606288;
Key: 16,3,263,3.62 | Score: 0.9606288;
Key: 16,3,263,3.62 | Score: 0.9606288;
8,0.9612073,0.96302855,16,3,262,3.42
Key: 16,3,262,3.42 | Score: 0.96302855;
Key: 16,3,260,3.42 | Score: 0.9630671;
Key: 16,3,256,2.06 | Score: 0.9622029;
Key: 16,3,262,3.23 | Score: 0.96190196;
Key: 16,3,262,3.23 | Score: 0.96190196;
Key: 16,3,263,3.23 | Score: 0.96189815;
Key: 16,3,260,2.84 | Score: 0.9614757;
Key: 16,3,260,2.84 | Score: 0.9614757;
Key: 16,3,261,2.84 | Score: 0.961468;
Key: 16,3,261,2.84 | Score: 0.961468;
Key: 16,3,261,2.84 | Score: 0.961468;
Key: 16,3,262,3.13 | Score: 0.96130013;
Key: 16,3,262,3.04 | Score: 0.960706;
Key: 16,3,260,2.64 | Score: 0.9615625;
Key: 16,3,261,2.84 | Score: 0.961468;
Key: 16,3,261,2.84 | Score: 0.961468;
Key: 16,3,262,3.04 | Score: 0.960706;
Key: 16,3,261,2.84 | Score: 0.961468;
Key: 16,3,263,3.23 | Score: 0.96189815;
Key: 16,3,259,2.45 | Score: 0.96027005;
Key: 16,3,260,2.64 | Score: 0.9615625;
Key: 16,3,262,3.33 | Score: 0.96252894;
Key: 16,3,262,3.04 | Score: 0.960706;
Key: 16,3,263,3.04 | Score: 0.96068484;
Key: 16,3,262,3.13 | Score: 0.96130013;
9,0.9615595,0.9630671,16,3,260,3.42
Key: 16,3,260,3.42 | Score: 0.9630671;
Key: 16,3,262,3.42 | Score: 0.96302855;
Key: 16,3,262,3.33 | Score: 0.96252894;
Key: 16,3,256,2.06 | Score: 0.9622029;
Key: 16,3,262,3.23 | Score: 0.96190196;
Key: 16,3,262,3.23 | Score: 0.96190196;
Key: 16,3,263,3.23 | Score: 0.96189815;
Key: 16,3,263,3.23 | Score: 0.96189815;
Key: 16,3,261,2.64 | Score: 0.96154714;
Key: 16,3,260,2.64 | Score: 0.9615625;
Key: 16,3,261,2.84 | Score: 0.961468;
Key: 16,3,262,2.84 | Score: 0.9614641;
Key: 16,3,261,2.84 | Score: 0.961468;
Key: 16,3,261,3.03 | Score: 0.96065974;
Key: 16,3,258,2.7 | Score: 0.96201575;
Key: 16,3,259,2.64 | Score: 0.96157604;
Key: 16,3,262,3.33 | Score: 0.96252894;
Key: 16,3,259,2.64 | Score: 0.96157604;
Key: 16,3,262,2.94 | Score: 0.9620679;
Key: 16,3,261,3.42 | Score: 0.9630401;
Key: 16,3,262,3.33 | Score: 0.96252894;
Key: 16,3,259,2.64 | Score: 0.96157604;
Key: 16,3,258,2.35 | Score: 0.96426696;
Key: 16,3,262,3.28 | Score: 0.9622222;
Key: 16,3,262,3.28 | Score: 0.9622222;
10,0.9620887,0.96426696,16,3,258,2.35
Key: 16,3,258,2.35 | Score: 0.96426696;
Key: 16,3,262,3.42 | Score: 0.96302855;
Key: 16,3,261,3.42 | Score: 0.9630401;
Key: 16,3,262,3.42 | Score: 0.96302855;
Key: 16,3,262,3.33 | Score: 0.96252894;
Key: 16,3,262,3.33 | Score: 0.96252894;
Key: 16,3,262,3.33 | Score: 0.96252894;
Key: 16,3,262,3.28 | Score: 0.9622222;
Key: 16,3,263,3.28 | Score: 0.96221644;
Key: 16,3,256,2.06 | Score: 0.9622029;
Key: 16,3,262,2.94 | Score: 0.9620679;
Key: 16,3,258,2.7 | Score: 0.96201575;
Key: 16,3,262,3.23 | Score: 0.96190196;
Key: 16,3,262,3.31 | Score: 0.9624132;
Key: 16,3,259,2.74 | Score: 0.96226853;
Key: 16,3,261,3.38 | Score: 0.9628588;
Key: 16,3,261,3.42 | Score: 0.9630401;
Key: 16,3,262,3.35 | Score: 0.9626447;
Key: 16,3,262,3.33 | Score: 0.96252894;
Key: 16,3,260,2.81 | Score: 0.9612596;
Key: 16,3,260,2.88 | Score: 0.9617458;
Key: 16,3,261,3.38 | Score: 0.9628588;
Key: 16,3,259,2.74 | Score: 0.96226853;
Key: 16,3,261,3.42 | Score: 0.9630401;
Key: 16,3,259,2.88 | Score: 0.9617786;
11,0.96249145,0.96426696,16,3,258,2.35
Key: 16,3,258,2.35 | Score: 0.96426696;
Key: 16,3,261,3.42 | Score: 0.9630401;
Key: 16,3,261,3.42 | Score: 0.9630401;
Key: 16,3,261,3.42 | Score: 0.9630401;
Key: 16,3,262,3.42 | Score: 0.96302855;
Key: 16,3,262,3.42 | Score: 0.96302855;
Key: 16,3,261,3.38 | Score: 0.9628588;
Key: 16,3,261,3.38 | Score: 0.9628588;
Key: 16,3,262,3.35 | Score: 0.9626447;
Key: 16,3,262,3.33 | Score: 0.96252894;
Key: 16,3,262,3.33 | Score: 0.96252894;
Key: 16,3,262,3.33 | Score: 0.96252894;
Key: 16,3,262,3.33 | Score: 0.96252894;
Key: 16,3,262,3.42 | Score: 0.96302855;
Key: 16,3,262,3.42 | Score: 0.96302855;
Key: 16,3,262,3.42 | Score: 0.96302855;
Key: 16,3,260,2.88 | Score: 0.9617458;
Key: 16,3,260,2.85 | Score: 0.9615394;
Key: 16,3,262,3.42 | Score: 0.96302855;
Key: 16,3,260,2.88 | Score: 0.9617458;
Key: 16,3,263,3.34 | Score: 0.962554;
Key: 16,3,262,3.4 | Score: 0.96294177;
Key: 16,3,261,3.38 | Score: 0.9628588;
Key: 16,3,261,3.37 | Score: 0.9627758;
Key: 16,3,262,3.42 | Score: 0.96302855;
12,0.96276915,0.96426696,16,3,258,2.35
Key: 16,3,258,2.35 | Score: 0.96426696;
Key: 16,3,261,3.42 | Score: 0.9630401;
Key: 16,3,261,3.42 | Score: 0.9630401;
Key: 16,3,261,3.42 | Score: 0.9630401;
Key: 16,3,262,3.42 | Score: 0.96302855;
Key: 16,3,262,3.42 | Score: 0.96302855;
Key: 16,3,262,3.42 | Score: 0.96302855;
Key: 16,3,262,3.42 | Score: 0.96302855;
Key: 16,3,262,3.42 | Score: 0.96302855;
Key: 16,3,262,3.42 | Score: 0.96302855;
Key: 16,3,262,3.42 | Score: 0.96302855;
Key: 16,3,262,3.4 | Score: 0.96294177;
Key: 16,3,261,3.38 | Score: 0.9628588;
Key: 16,3,262,3.42 | Score: 0.96302855;
Key: 16,3,259,2.88 | Score: 0.9617786;
Key: 16,3,262,3.42 | Score: 0.96302855;
Key: 16,3,262,3.42 | Score: 0.96302855;
Key: 16,3,262,3.42 | Score: 0.96302855;
Key: 16,3,262,3.42 | Score: 0.96302855;
Key: 16,3,262,3.42 | Score: 0.96302855;
Key: 16,3,262,3.42 | Score: 0.96302855;
Key: 16,3,259,2.88 | Score: 0.9617786;
Key: 16,3,261,3.42 | Score: 0.9630401;
Key: 16,3,262,3.42 | Score: 0.96302855;
Key: 16,3,262,3.42 | Score: 0.96302855;
13,0.96296966,0.96426696,16,3,258,2.35
Key: 16,3,258,2.35 | Score: 0.96426696;
Key: 16,3,261,3.42 | Score: 0.9630401;
Key: 16,3,261,3.42 | Score: 0.9630401;
Key: 16,3,261,3.42 | Score: 0.9630401;
Key: 16,3,261,3.42 | Score: 0.9630401;
Key: 16,3,262,3.42 | Score: 0.96302855;
Key: 16,3,262,3.42 | Score: 0.96302855;
Key: 16,3,262,3.42 | Score: 0.96302855;
Key: 16,3,262,3.42 | Score: 0.96302855;
Key: 16,3,262,3.42 | Score: 0.96302855;
Key: 16,3,262,3.42 | Score: 0.96302855;
Key: 16,3,262,3.42 | Score: 0.96302855;
Key: 16,3,262,3.42 | Score: 0.96302855;
Key: 16,3,262,3.42 | Score: 0.96302855;
Key: 16,3,262,3.42 | Score: 0.96302855;
Key: 16,3,261,3.42 | Score: 0.9630401;
Key: 16,3,261,3.42 | Score: 0.9630401;
Key: 16,3,262,3.42 | Score: 0.96302855;
Key: 16,3,262,3.42 | Score: 0.96302855;
Key: 16,3,262,3.42 | Score: 0.96302855;
Key: 16,3,262,3.42 | Score: 0.96302855;
Key: 16,3,261,3.42 | Score: 0.9630401;
Key: 16,3,262,3.42 | Score: 0.96302855;
Key: 16,3,262,3.42 | Score: 0.96302855;
Key: 16,3,262,3.42 | Score: 0.96302855;
14,0.9630813,0.96426696,16,3,258,2.35
Key: 16,3,258,2.35 | Score: 0.96426696;
Key: 16,3,261,3.42 | Score: 0.9630401;
Key: 16,3,261,3.42 | Score: 0.9630401;
Key: 16,3,261,3.42 | Score: 0.9630401;
Key: 16,3,261,3.42 | Score: 0.9630401;
Key: 16,3,260,3.42 | Score: 0.9630671;
Key: 16,3,261,3.42 | Score: 0.9630401;
Key: 16,3,261,3.42 | Score: 0.9630401;
Key: 16,3,262,3.42 | Score: 0.96302855;
Key: 16,3,262,3.42 | Score: 0.96302855;
Key: 16,3,262,3.42 | Score: 0.96302855;
Key: 16,3,260,3.42 | Score: 0.9630671;
Key: 16,3,262,3.42 | Score: 0.96302855;
Key: 16,3,261,3.42 | Score: 0.9630401;
Key: 16,3,262,3.42 | Score: 0.96302855;
Key: 16,3,261,3.42 | Score: 0.9630401;
Key: 16,3,262,3.42 | Score: 0.96302855;
Key: 16,3,259,2.88 | Score: 0.9617786;
Key: 16,3,259,2.88 | Score: 0.9617786;
Key: 16,3,259,2.88 | Score: 0.9617786;
Key: 16,3,261,3.42 | Score: 0.9630401;
Key: 16,3,261,3.42 | Score: 0.9630401;
Key: 16,3,261,3.42 | Score: 0.9630401;
Key: 16,3,261,3.42 | Score: 0.9630401;
Key: 16,3,257,2.88 | Score: 0.96182674;
15,0.96288866,0.96426696,16,3,258,2.35
Key: 16,3,258,2.35 | Score: 0.96426696;
Key: 16,3,260,3.42 | Score: 0.9630671;
Key: 16,3,260,3.42 | Score: 0.9630671;
Key: 16,3,261,3.42 | Score: 0.9630401;
Key: 16,3,261,3.42 | Score: 0.9630401;
Key: 16,3,261,3.42 | Score: 0.9630401;
Key: 16,3,261,3.42 | Score: 0.9630401;
Key: 16,3,261,3.42 | Score: 0.9630401;
Key: 16,3,261,3.42 | Score: 0.9630401;
Key: 16,3,261,3.42 | Score: 0.9630401;
Key: 16,3,261,3.42 | Score: 0.9630401;
Key: 16,3,261,3.42 | Score: 0.9630401;
Key: 16,3,260,3.42 | Score: 0.9630671;
Key: 16,3,261,3.42 | Score: 0.9630401;
Key: 16,3,261,3.42 | Score: 0.9630401;
Key: 16,3,259,2.88 | Score: 0.9617786;
Key: 16,3,261,3.42 | Score: 0.9630401;
Key: 16,3,261,3.42 | Score: 0.9630401;
Key: 16,3,261,3.42 | Score: 0.9630401;
Key: 16,3,261,3.42 | Score: 0.9630401;
Key: 16,3,259,2.88 | Score: 0.9617786;
Key: 16,3,261,3.42 | Score: 0.9630401;
Key: 16,3,261,3.42 | Score: 0.9630401;
Key: 16,3,259,2.88 | Score: 0.9617786;
Key: 16,3,261,3.42 | Score: 0.9630401;
16,0.962941,0.96426696,16,3,258,2.35
Key: 16,3,258,2.35 | Score: 0.96426696;
Key: 16,3,260,3.42 | Score: 0.9630671;
Key: 16,3,260,3.42 | Score: 0.9630671;
Key: 16,3,262,3.42 | Score: 0.96302855;
Key: 16,3,263,3.42 | Score: 0.9630131;
Key: 16,3,261,3.42 | Score: 0.9630401;
Key: 16,3,261,3.42 | Score: 0.9630401;
Key: 16,3,261,3.42 | Score: 0.9630401;
Key: 16,3,261,3.42 | Score: 0.9630401;
Key: 16,3,261,3.42 | Score: 0.9630401;
Key: 16,3,261,3.42 | Score: 0.9630401;
Key: 16,3,261,3.42 | Score: 0.9630401;
Key: 16,3,263,3.42 | Score: 0.9630131;
Key: 16,3,261,3.42 | Score: 0.9630401;
Key: 16,3,261,3.42 | Score: 0.9630401;
Key: 16,3,261,3.42 | Score: 0.9630401;
Key: 16,3,261,3.42 | Score: 0.9630401;
Key: 16,3,261,3.42 | Score: 0.9630401;
Key: 16,3,261,3.42 | Score: 0.9630401;
Key: 16,3,261,3.42 | Score: 0.9630401;
Key: 16,3,259,2.88 | Score: 0.9617786;
Key: 16,3,259,2.88 | Score: 0.9617786;
Key: 16,3,261,3.42 | Score: 0.9630401;
Key: 16,3,260,3.42 | Score: 0.9630671;
Key: 16,3,259,2.88 | Score: 0.9617786;
17,0.96293837,0.96426696,16,3,258,2.35
Key: 16,3,258,2.35 | Score: 0.96426696;
Key: 16,3,260,3.42 | Score: 0.9630671;
Key: 16,3,260,3.42 | Score: 0.9630671;
Key: 16,3,260,3.42 | Score: 0.9630671;
Key: 16,3,261,3.42 | Score: 0.9630401;
Key: 16,3,261,3.42 | Score: 0.9630401;
Key: 16,3,261,3.42 | Score: 0.9630401;
Key: 16,3,261,3.42 | Score: 0.9630401;
Key: 16,3,261,3.42 | Score: 0.9630401;
Key: 16,3,263,3.42 | Score: 0.9630131;
Key: 16,3,261,3.42 | Score: 0.9630401;
Key: 16,3,261,3.42 | Score: 0.9630401;
Key: 16,3,261,3.42 | Score: 0.9630401;
Key: 16,3,261,3.42 | Score: 0.9630401;
Key: 16,3,261,3.42 | Score: 0.9630401;
Key: 16,3,259,2.88 | Score: 0.9617786;
Key: 16,3,261,3.42 | Score: 0.9630401;
Key: 16,3,259,2.88 | Score: 0.9617786;
Key: 16,3,259,2.88 | Score: 0.9617786;
Key: 16,3,261,3.42 | Score: 0.9630401;
Key: 16,3,259,2.88 | Score: 0.9617786;
Key: 16,3,259,2.88 | Score: 0.9617786;
Key: 16,3,261,3.42 | Score: 0.9630401;
Key: 16,3,261,3.42 | Score: 0.9630401;
Key: 16,3,263,3.42 | Score: 0.9630131;
18,0.962838,0.96426696,16,3,258,2.35
Key: 16,3,258,2.35 | Score: 0.96426696;
Key: 16,3,260,3.42 | Score: 0.9630671;
Key: 16,3,260,3.42 | Score: 0.9630671;
Key: 16,3,260,3.42 | Score: 0.9630671;
Key: 16,3,261,3.42 | Score: 0.9630401;
Key: 16,3,261,3.42 | Score: 0.9630401;
Key: 16,3,261,3.42 | Score: 0.9630401;
Key: 16,3,261,3.42 | Score: 0.9630401;
Key: 16,3,261,3.42 | Score: 0.9630401;
Key: 16,3,261,3.42 | Score: 0.9630401;
Key: 16,3,261,3.42 | Score: 0.9630401;
Key: 16,3,261,3.42 | Score: 0.9630401;
Key: 16,3,261,3.42 | Score: 0.9630401;
Key: 16,3,261,3.42 | Score: 0.9630401;
Key: 16,3,261,3.42 | Score: 0.9630401;
Key: 16,3,261,3.42 | Score: 0.9630401;
Key: 16,3,261,3.42 | Score: 0.9630401;
Key: 16,3,261,3.42 | Score: 0.9630401;
Key: 16,3,261,3.42 | Score: 0.9630401;
Key: 16,3,259,2.88 | Score: 0.9617786;
Key: 16,3,261,3.42 | Score: 0.9630401;
Key: 16,3,263,3.42 | Score: 0.9630131;
Key: 16,3,261,3.42 | Score: 0.9630401;
Key: 16,3,263,3.42 | Score: 0.9630131;
Key: 16,3,259,2.88 | Score: 0.9617786;
19,0.9629893,0.96426696,16,3,258,2.35
Key: 16,3,258,2.35 | Score: 0.96426696;
Key: 16,3,260,3.42 | Score: 0.9630671;
Key: 16,3,260,3.42 | Score: 0.9630671;
Key: 16,3,260,3.42 | Score: 0.9630671;
Key: 16,3,261,3.42 | Score: 0.9630401;
Key: 16,3,261,3.42 | Score: 0.9630401;
Key: 16,3,261,3.42 | Score: 0.9630401;
Key: 16,3,261,3.42 | Score: 0.9630401;
Key: 16,3,261,3.42 | Score: 0.9630401;
Key: 16,3,261,3.42 | Score: 0.9630401;
Key: 16,3,261,3.42 | Score: 0.9630401;
Key: 16,3,261,3.42 | Score: 0.9630401;
Key: 16,3,261,3.42 | Score: 0.9630401;
Key: 16,3,261,3.42 | Score: 0.9630401;
Key: 16,3,261,3.42 | Score: 0.9630401;
Key: 16,3,261,3.42 | Score: 0.9630401;
Key: 16,3,259,2.88 | Score: 0.9617786;
Key: 16,3,261,3.42 | Score: 0.9630401;
Key: 16,3,261,3.42 | Score: 0.9630401;
Key: 16,3,261,3.42 | Score: 0.9630401;
Key: 16,3,259,2.88 | Score: 0.9617786;
Key: 16,3,261,3.42 | Score: 0.9630401;
Key: 16,3,261,3.42 | Score: 0.9630401;
Key: 16,3,261,3.42 | Score: 0.9630401;
Key: 16,3,261,3.42 | Score: 0.9630401;
20,0.9629914,0.96426696,16,3,258,2.35
Key: 16,3,258,2.35 | Score: 0.96426696;
Key: 16,3,260,3.42 | Score: 0.9630671;
Key: 16,3,260,3.42 | Score: 0.9630671;
Key: 16,3,260,3.42 | Score: 0.9630671;
Key: 16,3,261,3.42 | Score: 0.9630401;
Key: 16,3,261,3.42 | Score: 0.9630401;
Key: 16,3,261,3.42 | Score: 0.9630401;
Key: 16,3,263,3.42 | Score: 0.9630131;
Key: 16,3,261,3.42 | Score: 0.9630401;
Key: 16,3,261,3.42 | Score: 0.9630401;
Key: 16,3,261,3.42 | Score: 0.9630401;
Key: 16,3,260,3.42 | Score: 0.9630671;
Key: 16,3,261,3.42 | Score: 0.9630401;
Key: 16,3,261,3.42 | Score: 0.9630401;
Key: 16,3,261,3.42 | Score: 0.9630401;
Key: 16,3,261,3.42 | Score: 0.9630401;
Key: 16,3,259,2.88 | Score: 0.9617786;
Key: 16,3,261,3.42 | Score: 0.9630401;
Key: 16,3,259,2.88 | Score: 0.9617786;
Key: 16,3,260,3.42 | Score: 0.9630671;
Key: 16,3,260,3.42 | Score: 0.9630671;
Key: 16,3,259,2.88 | Score: 0.9617786;
Key: 16,3,261,3.42 | Score: 0.9630401;
Key: 16,3,261,3.42 | Score: 0.9630401;
Key: 16,3,261,3.42 | Score: 0.9630401;
21,0.96294314,0.96426696,16,3,258,2.35
Key: 16,3,258,2.35 | Score: 0.96426696;
Key: 16,3,260,3.42 | Score: 0.9630671;
Key: 16,3,260,3.42 | Score: 0.9630671;
Key: 16,3,260,3.42 | Score: 0.9630671;
Key: 16,3,260,3.42 | Score: 0.9630671;
Key: 16,3,260,3.42 | Score: 0.9630671;
Key: 16,3,260,3.42 | Score: 0.9630671;
Key: 16,3,261,3.42 | Score: 0.9630401;
Key: 16,3,261,3.42 | Score: 0.9630401;
Key: 16,3,261,3.42 | Score: 0.9630401;
Key: 16,3,261,3.42 | Score: 0.9630401;
Key: 16,3,261,3.42 | Score: 0.9630401;
Key: 16,3,261,3.42 | Score: 0.9630401;
Key: 16,3,260,3.42 | Score: 0.9630671;
Key: 16,3,259,2.88 | Score: 0.9617786;
Key: 16,3,259,2.88 | Score: 0.9617786;
Key: 16,3,260,3.42 | Score: 0.9630671;
Key: 16,3,261,3.42 | Score: 0.9630401;
Key: 16,3,260,3.42 | Score: 0.9630671;
Key: 16,3,260,3.42 | Score: 0.9630671;
Key: 16,3,260,3.42 | Score: 0.9630671;
Key: 16,3,263,3.42 | Score: 0.9630131;
Key: 16,3,260,3.42 | Score: 0.9630671;
Key: 16,3,259,2.88 | Score: 0.9617786;
Key: 16,3,260,3.42 | Score: 0.9630671;
22,0.96295065,0.96426696,16,3,258,2.35
Key: 16,3,259,2.35 | Score: 0.96426505;
Key: 16,3,260,3.42 | Score: 0.9630671;
Key: 16,3,260,3.42 | Score: 0.9630671;
Key: 16,3,260,3.42 | Score: 0.9630671;
Key: 16,3,260,3.42 | Score: 0.9630671;
Key: 16,3,260,3.42 | Score: 0.9630671;
Key: 16,3,260,3.42 | Score: 0.9630671;
Key: 16,3,260,3.42 | Score: 0.9630671;
Key: 16,3,260,3.42 | Score: 0.9630671;
Key: 16,3,260,3.42 | Score: 0.9630671;
Key: 16,3,260,3.42 | Score: 0.9630671;
Key: 16,3,260,3.42 | Score: 0.9630671;
Key: 16,3,260,3.42 | Score: 0.9630671;
Key: 16,3,259,2.88 | Score: 0.9617786;
Key: 16,3,259,2.88 | Score: 0.9617786;
Key: 16,3,260,3.42 | Score: 0.9630671;
Key: 16,3,260,3.42 | Score: 0.9630671;
Key: 16,3,260,3.42 | Score: 0.9630671;
Key: 16,3,260,3.42 | Score: 0.9630671;
Key: 16,3,260,3.42 | Score: 0.9630671;
Key: 16,3,260,3.42 | Score: 0.9630671;
Key: 16,3,260,3.42 | Score: 0.9630671;
Key: 16,3,260,3.42 | Score: 0.9630671;
Key: 16,3,260,3.42 | Score: 0.9630671;
Key: 16,3,260,3.42 | Score: 0.9630671;
23,0.96301216,0.96426505,16,3,259,2.35
Key: 16,3,259,2.35 | Score: 0.96426505;
Key: 16,3,260,3.42 | Score: 0.9630671;
Key: 16,3,260,3.42 | Score: 0.9630671;
Key: 16,3,260,3.42 | Score: 0.9630671;
Key: 16,3,260,3.42 | Score: 0.9630671;
Key: 16,3,260,3.42 | Score: 0.9630671;
Key: 16,3,260,3.42 | Score: 0.9630671;
Key: 16,3,260,3.42 | Score: 0.9630671;
Key: 16,3,260,3.42 | Score: 0.9630671;
Key: 16,3,260,3.42 | Score: 0.9630671;
Key: 16,3,260,3.42 | Score: 0.9630671;
Key: 16,3,260,3.42 | Score: 0.9630671;
Key: 16,3,260,3.42 | Score: 0.9630671;
Key: 16,3,259,2.88 | Score: 0.9617786;
Key: 16,3,260,3.42 | Score: 0.9630671;
Key: 16,3,260,3.42 | Score: 0.9630671;
Key: 16,3,260,3.42 | Score: 0.9630671;
Key: 16,3,260,3.42 | Score: 0.9630671;
Key: 16,3,260,3.42 | Score: 0.9630671;
Key: 16,3,260,3.42 | Score: 0.9630671;
Key: 16,3,259,2.88 | Score: 0.9617786;
Key: 16,3,260,3.42 | Score: 0.9630671;
Key: 16,3,260,3.42 | Score: 0.9630671;
Key: 16,3,260,3.42 | Score: 0.9630671;
Key: 16,3,260,3.42 | Score: 0.9630671;
24,0.96301216,0.96426505,16,3,259,2.35
2018.03.11.15.41.36
