2018.03.11.02.22.12
generation,average_fitness,best_fitness,best_w,best_w_n,best_s_r,best_lambda
Key: 11,3,207,26.82 | Score: 0.9182158;
Key: 13,3,398,10.2 | Score: 0.9373134;
Key: 10,3,92,24.48 | Score: 0.92180276;
Key: 18,3,208,11.81 | Score: 0.9505843;
Key: 21,3,500,11.09 | Score: 0.9450123;
Key: 1,3,312,24.24 | Score: 0.9237722;
Key: 1,3,365,3.7 | Score: 0.935429;
Key: 4,3,308,22.25 | Score: 0.92897034;
Key: 6,3,408,18.42 | Score: 0.9254484;
Key: 14,3,149,26.08 | Score: 0.9216033;
Key: 15,3,286,16.18 | Score: 0.9375305;
Key: 6,3,62,14.39 | Score: 0.9298823;
Key: 13,3,421,7.47 | Score: 0.9428003;
Key: 15,3,106,22.92 | Score: 0.92250884;
Key: 10,3,61,4.74 | Score: 0.93779266;
Key: 15,3,136,12.22 | Score: 0.9324254;
Key: 12,3,163,6.92 | Score: 0.93730617;
Key: 21,3,106,28.26 | Score: 0.92631024;
Key: 18,3,208,26.69 | Score: 0.9398257;
Key: 16,3,471,15.11 | Score: 0.94435763;
Key: 4,3,326,23.72 | Score: 0.9297892;
Key: 21,3,399,8.54 | Score: 0.9485163;
Key: 7,3,160,7.51 | Score: 0.932468;
Key: 12,3,442,8.25 | Score: 0.9374428;
Key: 7,3,474,14.75 | Score: 0.9252611;
0,0.93329483,0.9505843,18,3,208,11.81
Key: 18,3,208,11.81 | Score: 0.9505843;
Key: 21,3,399,8.54 | Score: 0.9485163;
Key: 21,3,500,11.09 | Score: 0.9450123;
Key: 16,3,471,15.11 | Score: 0.94435763;
Key: 13,3,421,7.47 | Score: 0.9428003;
Key: 18,3,208,26.69 | Score: 0.9398257;
Key: 10,3,63,4.74 | Score: 0.93710077;
Key: 15,3,286,16.18 | Score: 0.9375305;
Key: 12,3,442,8.25 | Score: 0.9374428;
Key: 13,3,398,10.2 | Score: 0.9373134;
Key: 12,3,163,6.92 | Score: 0.93730617;
Key: 1,3,365,3.7 | Score: 0.935429;
Key: 7,3,160,7.51 | Score: 0.932468;
Key: 11,3,229,7.47 | Score: 0.93287075;
Key: 12,3,420,9.22 | Score: 0.93406266;
Key: 11,3,251,6.49 | Score: 0.9355478;
Key: 15,3,325,17.48 | Score: 0.9355865;
Key: 17,3,339,13.45 | Score: 0.95075643;
Key: 17,3,420,8.4 | Score: 0.95629627;
Key: 19,3,354,11.45 | Score: 0.9543295;
Key: 14,3,364,12.22 | Score: 0.9369641;
Key: 17,3,399,9.37 | Score: 0.95503414;
Key: 15,3,325,17.48 | Score: 0.9355865;
Key: 13,3,431,7.86 | Score: 0.94144535;
Key: 14,3,457,11.69 | Score: 0.939268;
1,0.9413375,0.95629627,17,3,420,8.4
Key: 17,3,420,8.4 | Score: 0.95629627;
Key: 17,3,399,9.37 | Score: 0.95503414;
Key: 19,3,354,11.45 | Score: 0.9543295;
Key: 17,3,339,13.45 | Score: 0.95075643;
Key: 18,3,208,11.81 | Score: 0.9505843;
Key: 21,3,399,8.54 | Score: 0.9485163;
Key: 21,3,500,11.09 | Score: 0.9450123;
Key: 16,3,471,15.11 | Score: 0.94435763;
Key: 13,3,421,7.47 | Score: 0.9428003;
Key: 13,3,431,7.86 | Score: 0.94144535;
Key: 18,3,208,26.69 | Score: 0.9398257;
Key: 14,3,457,11.69 | Score: 0.939268;
Key: 15,3,286,16.18 | Score: 0.9375305;
Key: 15,3,410,8.43 | Score: 0.95143425;
Key: 13,3,426,7.66 | Score: 0.94119525;
Key: 16,3,319,9.84 | Score: 0.95169175;
Key: 17,3,415,8.2 | Score: 0.9576734;
Key: 15,3,446,11.29 | Score: 0.94513106;
Key: 15,3,420,7.94 | Score: 0.9500168;
Key: 17,3,274,12.63 | Score: 0.9492311;
Key: 20,3,376,10.0 | Score: 0.9528466;
Key: 16,3,314,9.65 | Score: 0.95180553;
Key: 17,3,369,11.41 | Score: 0.95283973;
Key: 16,3,392,9.67 | Score: 0.95229363;
Key: 17,3,314,10.1 | Score: 0.95332736;
2,0.9486097,0.9576734,17,3,415,8.2
Key: 17,3,415,8.2 | Score: 0.9576734;
Key: 17,3,420,8.4 | Score: 0.95629627;
Key: 17,3,399,9.37 | Score: 0.95503414;
Key: 19,3,354,11.45 | Score: 0.9543295;
Key: 17,3,314,10.1 | Score: 0.95332736;
Key: 20,3,376,10.0 | Score: 0.9528466;
Key: 17,3,369,11.41 | Score: 0.95283973;
Key: 16,3,392,9.67 | Score: 0.95229363;
Key: 16,3,314,9.65 | Score: 0.95180553;
Key: 16,3,319,9.84 | Score: 0.95169175;
Key: 15,3,410,8.43 | Score: 0.95143425;
Key: 17,3,339,13.45 | Score: 0.95075643;
Key: 18,3,208,11.81 | Score: 0.9505843;
Key: 18,3,388,9.68 | Score: 0.95590246;
Key: 17,3,342,10.53 | Score: 0.9544256;
Key: 18,3,385,9.82 | Score: 0.95622003;
Key: 17,3,344,10.63 | Score: 0.95465577;
Key: 18,3,396,9.1 | Score: 0.9559458;
Key: 17,3,417,8.3 | Score: 0.957096;
Key: 17,3,342,10.53 | Score: 0.9544256;
Key: 17,3,367,9.02 | Score: 0.954962;
Key: 19,3,373,10.7 | Score: 0.95485806;
Key: 18,3,337,10.65 | Score: 0.955502;
Key: 17,3,367,9.02 | Score: 0.954962;
Key: 17,3,380,10.54 | Score: 0.9539906;
3,0.9541544,0.9576734,17,3,415,8.2
Key: 17,3,415,8.2 | Score: 0.9576734;
Key: 17,3,417,8.3 | Score: 0.957096;
Key: 17,3,420,8.4 | Score: 0.95629627;
Key: 18,3,385,9.82 | Score: 0.95622003;
Key: 18,3,396,9.1 | Score: 0.9559458;
Key: 18,3,388,9.68 | Score: 0.95590246;
Key: 18,3,337,10.65 | Score: 0.955502;
Key: 17,3,398,9.37 | Score: 0.9550459;
Key: 17,3,367,9.02 | Score: 0.954962;
Key: 17,3,367,9.02 | Score: 0.954962;
Key: 19,3,375,10.7 | Score: 0.9548341;
Key: 17,3,344,10.63 | Score: 0.95465577;
Key: 17,3,342,10.53 | Score: 0.9544256;
Key: 18,3,378,9.35 | Score: 0.95674866;
Key: 18,3,352,9.84 | Score: 0.95672894;
Key: 17,3,417,8.3 | Score: 0.957096;
Key: 17,3,391,8.61 | Score: 0.95720327;
Key: 17,3,407,8.7 | Score: 0.95731443;
Key: 18,3,393,9.53 | Score: 0.95639753;
Key: 18,3,392,9.6 | Score: 0.9556756;
Key: 17,3,403,9.11 | Score: 0.95494246;
Key: 17,3,392,8.66 | Score: 0.95735544;
Key: 17,3,403,9.11 | Score: 0.95494246;
Key: 17,3,404,9.04 | Score: 0.95471233;
Key: 17,3,402,8.94 | Score: 0.9560017;
4,0.9559455,0.9576734,17,3,415,8.2
Key: 17,3,415,8.2 | Score: 0.9576734;
Key: 17,3,394,8.66 | Score: 0.95733595;
Key: 17,3,407,8.7 | Score: 0.95731443;
Key: 17,3,391,8.61 | Score: 0.95720327;
Key: 17,3,417,8.3 | Score: 0.957096;
Key: 17,3,417,8.3 | Score: 0.957096;
Key: 18,3,378,9.35 | Score: 0.95674866;
Key: 18,3,352,9.84 | Score: 0.95672894;
Key: 18,3,393,9.53 | Score: 0.95639753;
Key: 17,3,420,8.4 | Score: 0.95629627;
Key: 18,3,385,9.82 | Score: 0.95622003;
Key: 17,3,402,8.94 | Score: 0.9560017;
Key: 18,3,396,9.1 | Score: 0.9559458;
Key: 17,3,394,8.64 | Score: 0.95727736;
Key: 17,3,397,8.77 | Score: 0.95762265;
Key: 17,3,412,8.5 | Score: 0.9566747;
Key: 17,3,387,8.98 | Score: 0.9546538;
Key: 17,3,412,8.5 | Score: 0.9566747;
Key: 17,3,380,9.27 | Score: 0.9548235;
Key: 18,3,365,9.59 | Score: 0.9559814;
Key: 17,3,417,8.3 | Score: 0.957096;
Key: 17,3,404,8.46 | Score: 0.9566356;
Key: 17,3,412,8.5 | Score: 0.9566747;
Key: 17,3,372,9.22 | Score: 0.9547338;
Key: 17,3,392,9.09 | Score: 0.95496976;
5,0.95647514,0.9576734,17,3,415,8.2
Key: 17,3,415,8.2 | Score: 0.9576734;
Key: 17,3,396,8.77 | Score: 0.95763046;
Key: 17,3,394,8.66 | Score: 0.95733595;
Key: 17,3,407,8.7 | Score: 0.95731443;
Key: 17,3,394,8.64 | Score: 0.95727736;
Key: 17,3,391,8.61 | Score: 0.95720327;
Key: 17,3,417,8.3 | Score: 0.957096;
Key: 17,3,417,8.3 | Score: 0.957096;
Key: 17,3,417,8.3 | Score: 0.957096;
Key: 18,3,378,9.35 | Score: 0.95674866;
Key: 18,3,352,9.84 | Score: 0.95672894;
Key: 17,3,412,8.5 | Score: 0.9566747;
Key: 17,3,412,8.5 | Score: 0.9566747;
Key: 17,3,397,8.77 | Score: 0.95762265;
Key: 17,3,399,8.66 | Score: 0.9572794;
Key: 17,3,405,8.47 | Score: 0.9566649;
Key: 17,3,394,8.69 | Score: 0.95741;
Key: 17,3,405,8.43 | Score: 0.9565342;
Key: 17,3,405,8.47 | Score: 0.9566649;
Key: 17,3,402,8.74 | Score: 0.9574822;
Key: 17,3,405,8.47 | Score: 0.9566649;
Key: 17,3,397,8.77 | Score: 0.95762265;
Key: 17,3,405,8.47 | Score: 0.9566649;
Key: 17,3,386,9.0 | Score: 0.95473766;
Key: 17,3,404,8.46 | Score: 0.9566356;
6,0.95698136,0.9576734,17,3,415,8.2
Key: 17,3,415,8.2 | Score: 0.9576734;
Key: 17,3,396,8.77 | Score: 0.95763046;
Key: 17,3,397,8.77 | Score: 0.95762265;
Key: 17,3,397,8.77 | Score: 0.95762265;
Key: 17,3,402,8.74 | Score: 0.9574822;
Key: 17,3,394,8.69 | Score: 0.95741;
Key: 17,3,394,8.66 | Score: 0.95733595;
Key: 17,3,407,8.7 | Score: 0.95731443;
Key: 17,3,399,8.66 | Score: 0.9572794;
Key: 17,3,394,8.64 | Score: 0.95727736;
Key: 17,3,391,8.61 | Score: 0.95720327;
Key: 17,3,417,8.3 | Score: 0.957096;
Key: 17,3,417,8.3 | Score: 0.957096;
Key: 17,3,406,8.48 | Score: 0.9566825;
Key: 17,3,398,8.69 | Score: 0.95737106;
Key: 17,3,403,8.68 | Score: 0.9572989;
Key: 17,3,394,8.68 | Score: 0.9573808;
Key: 17,3,401,8.67 | Score: 0.95728326;
Key: 17,3,398,8.72 | Score: 0.9574549;
Key: 17,3,406,8.48 | Score: 0.9566825;
Key: 17,3,394,8.65 | Score: 0.9573164;
Key: 17,3,399,8.76 | Score: 0.9575817;
Key: 17,3,396,8.71 | Score: 0.95744514;
Key: 17,3,407,8.43 | Score: 0.9565245;
Key: 17,3,406,8.48 | Score: 0.9566825;
7,0.9572699,0.9576734,17,3,415,8.2
Key: 17,3,415,8.2 | Score: 0.9576734;
Key: 17,3,396,8.77 | Score: 0.95763046;
Key: 17,3,397,8.77 | Score: 0.95762265;
Key: 17,3,397,8.77 | Score: 0.95762265;
Key: 17,3,399,8.76 | Score: 0.9575817;
Key: 17,3,402,8.74 | Score: 0.9574822;
Key: 17,3,398,8.72 | Score: 0.9574549;
Key: 17,3,396,8.71 | Score: 0.95744514;
Key: 17,3,392,8.69 | Score: 0.9574295;
Key: 17,3,394,8.68 | Score: 0.9573808;
Key: 17,3,398,8.69 | Score: 0.95737106;
Key: 17,3,394,8.66 | Score: 0.95733595;
Key: 17,3,394,8.65 | Score: 0.9573164;
Key: 17,3,395,8.7 | Score: 0.9574237;
Key: 17,3,396,8.7 | Score: 0.95740616;
Key: 17,3,406,8.48 | Score: 0.9566825;
Key: 17,3,399,8.73 | Score: 0.9574744;
Key: 17,3,398,8.72 | Score: 0.9574549;
Key: 17,3,397,8.73 | Score: 0.95749193;
Key: 17,3,397,8.74 | Score: 0.9575193;
Key: 17,3,397,8.77 | Score: 0.95762265;
Key: 17,3,396,8.73 | Score: 0.9575056;
Key: 17,3,396,8.7 | Score: 0.95740616;
Key: 17,3,397,8.74 | Score: 0.9575193;
Key: 17,3,397,8.77 | Score: 0.95762265;
8,0.95745903,0.9576734,17,3,415,8.2
Key: 17,3,415,8.2 | Score: 0.9576734;
Key: 17,3,396,8.77 | Score: 0.95763046;
Key: 17,3,397,8.77 | Score: 0.95762265;
Key: 17,3,397,8.77 | Score: 0.95762265;
Key: 17,3,397,8.77 | Score: 0.95762265;
Key: 17,3,397,8.77 | Score: 0.95762265;
Key: 17,3,399,8.76 | Score: 0.9575817;
Key: 17,3,397,8.74 | Score: 0.9575193;
Key: 17,3,397,8.74 | Score: 0.9575193;
Key: 17,3,396,8.73 | Score: 0.9575056;
Key: 17,3,397,8.73 | Score: 0.95749193;
Key: 17,3,402,8.74 | Score: 0.9574822;
Key: 17,3,399,8.73 | Score: 0.9574744;
Key: 17,3,406,8.48 | Score: 0.9566825;
Key: 17,3,397,8.76 | Score: 0.95760316;
Key: 17,3,406,8.48 | Score: 0.9566825;
Key: 17,3,397,8.76 | Score: 0.95760316;
Key: 17,3,397,8.75 | Score: 0.9575739;
Key: 17,3,396,8.76 | Score: 0.9576012;
Key: 17,3,397,8.77 | Score: 0.95762265;
Key: 17,3,397,8.77 | Score: 0.95762265;
Key: 17,3,397,8.75 | Score: 0.9575739;
Key: 17,3,397,8.77 | Score: 0.95762265;
Key: 17,3,398,8.77 | Score: 0.957609;
Key: 17,3,397,8.76 | Score: 0.95760316;
9,0.95751077,0.9576734,17,3,415,8.2
Key: 17,3,415,8.2 | Score: 0.9576734;
Key: 17,3,396,8.77 | Score: 0.95763046;
Key: 17,3,397,8.77 | Score: 0.95762265;
Key: 17,3,397,8.77 | Score: 0.95762265;
Key: 17,3,397,8.77 | Score: 0.95762265;
Key: 17,3,397,8.77 | Score: 0.95762265;
Key: 17,3,397,8.77 | Score: 0.95762265;
Key: 17,3,397,8.77 | Score: 0.95762265;
Key: 17,3,397,8.77 | Score: 0.95762265;
Key: 17,3,398,8.77 | Score: 0.957609;
Key: 17,3,397,8.76 | Score: 0.95760316;
Key: 17,3,397,8.76 | Score: 0.95760316;
Key: 17,3,397,8.76 | Score: 0.95760316;
Key: 17,3,398,8.77 | Score: 0.957609;
Key: 17,3,397,8.77 | Score: 0.95762265;
Key: 17,3,397,8.77 | Score: 0.95762265;
Key: 17,3,397,8.77 | Score: 0.95762265;
Key: 17,3,398,8.77 | Score: 0.957609;
Key: 17,3,397,8.77 | Score: 0.95762265;
Key: 17,3,399,8.77 | Score: 0.9575914;
Key: 17,3,396,8.77 | Score: 0.95763046;
Key: 17,3,397,8.77 | Score: 0.95762265;
Key: 17,3,398,8.77 | Score: 0.957609;
Key: 17,3,397,8.77 | Score: 0.95762265;
Key: 17,3,397,8.77 | Score: 0.95762265;
10,0.95761955,0.9576734,17,3,415,8.2
Key: 17,3,415,8.2 | Score: 0.9576734;
Key: 17,3,396,8.77 | Score: 0.95763046;
Key: 17,3,396,8.77 | Score: 0.95763046;
Key: 17,3,397,8.77 | Score: 0.95762265;
Key: 17,3,397,8.77 | Score: 0.95762265;
Key: 17,3,397,8.77 | Score: 0.95762265;
Key: 17,3,397,8.77 | Score: 0.95762265;
Key: 17,3,397,8.77 | Score: 0.95762265;
Key: 17,3,397,8.77 | Score: 0.95762265;
Key: 17,3,397,8.77 | Score: 0.95762265;
Key: 17,3,397,8.77 | Score: 0.95762265;
Key: 17,3,397,8.77 | Score: 0.95762265;
Key: 17,3,397,8.77 | Score: 0.95762265;
Key: 17,3,397,8.77 | Score: 0.95762265;
Key: 17,3,406,8.48 | Score: 0.9566825;
Key: 17,3,406,8.48 | Score: 0.9566825;
Key: 17,3,397,8.77 | Score: 0.95762265;
Key: 17,3,406,8.48 | Score: 0.9566825;
Key: 17,3,397,8.77 | Score: 0.95762265;
Key: 17,3,397,8.77 | Score: 0.95762265;
Key: 17,3,397,8.77 | Score: 0.95762265;
Key: 17,3,397,8.77 | Score: 0.95762265;
Key: 17,3,397,8.77 | Score: 0.95762265;
Key: 17,3,397,8.77 | Score: 0.95762265;
Key: 17,3,397,8.77 | Score: 0.95762265;
11,0.9575124,0.9576734,17,3,415,8.2
Key: 17,3,415,8.2 | Score: 0.9576734;
Key: 17,3,396,8.77 | Score: 0.95763046;
Key: 17,3,396,8.77 | Score: 0.95763046;
Key: 17,3,397,8.77 | Score: 0.95762265;
Key: 17,3,397,8.77 | Score: 0.95762265;
Key: 17,3,397,8.77 | Score: 0.95762265;
Key: 17,3,397,8.77 | Score: 0.95762265;
Key: 17,3,397,8.77 | Score: 0.95762265;
Key: 17,3,397,8.77 | Score: 0.95762265;
Key: 17,3,397,8.77 | Score: 0.95762265;
Key: 17,3,397,8.77 | Score: 0.95762265;
Key: 17,3,397,8.77 | Score: 0.95762265;
Key: 17,3,397,8.77 | Score: 0.95762265;
Key: 17,3,406,8.48 | Score: 0.9566825;
Key: 17,3,397,8.77 | Score: 0.95762265;
Key: 17,3,397,8.77 | Score: 0.95762265;
Key: 17,3,397,8.77 | Score: 0.95762265;
Key: 17,3,397,8.77 | Score: 0.95762265;
Key: 17,3,397,8.77 | Score: 0.95762265;
Key: 17,3,396,8.77 | Score: 0.95763046;
Key: 17,3,406,8.48 | Score: 0.9566825;
Key: 17,3,397,8.77 | Score: 0.95762265;
Key: 17,3,397,8.77 | Score: 0.95762265;
Key: 17,3,397,8.77 | Score: 0.95762265;
Key: 17,3,397,8.77 | Score: 0.95762265;
12,0.95755035,0.9576734,17,3,415,8.2
Key: 17,3,415,8.2 | Score: 0.9576734;
Key: 17,3,396,8.77 | Score: 0.95763046;
Key: 17,3,396,8.77 | Score: 0.95763046;
Key: 17,3,396,8.77 | Score: 0.95763046;
Key: 17,3,397,8.77 | Score: 0.95762265;
Key: 17,3,397,8.77 | Score: 0.95762265;
Key: 17,3,397,8.77 | Score: 0.95762265;
Key: 17,3,397,8.77 | Score: 0.95762265;
Key: 17,3,397,8.77 | Score: 0.95762265;
Key: 17,3,397,8.77 | Score: 0.95762265;
Key: 17,3,397,8.77 | Score: 0.95762265;
Key: 17,3,397,8.77 | Score: 0.95762265;
Key: 17,3,396,8.77 | Score: 0.95763046;
Key: 17,3,397,8.77 | Score: 0.95762265;
Key: 17,3,397,8.77 | Score: 0.95762265;
Key: 17,3,396,8.77 | Score: 0.95763046;
Key: 17,3,397,8.77 | Score: 0.95762265;
Key: 17,3,397,8.77 | Score: 0.95762265;
Key: 17,3,397,8.77 | Score: 0.95762265;
Key: 17,3,397,8.77 | Score: 0.95762265;
Key: 17,3,397,8.77 | Score: 0.95762265;
Key: 17,3,397,8.77 | Score: 0.95762265;
Key: 17,3,397,8.77 | Score: 0.95762265;
Key: 17,3,397,8.77 | Score: 0.95762265;
Key: 17,3,397,8.77 | Score: 0.95762265;
13,0.95762616,0.9576734,17,3,415,8.2
Key: 17,3,415,8.2 | Score: 0.9576734;
Key: 17,3,396,8.77 | Score: 0.95763046;
Key: 17,3,396,8.77 | Score: 0.95763046;
Key: 17,3,396,8.77 | Score: 0.95763046;
Key: 17,3,396,8.77 | Score: 0.95763046;
Key: 17,3,396,8.77 | Score: 0.95763046;
Key: 17,3,397,8.77 | Score: 0.95762265;
Key: 17,3,397,8.77 | Score: 0.95762265;
Key: 17,3,396,8.77 | Score: 0.95763046;
Key: 17,3,397,8.77 | Score: 0.95762265;
Key: 17,3,397,8.77 | Score: 0.95762265;
Key: 17,3,397,8.77 | Score: 0.95762265;
Key: 17,3,397,8.77 | Score: 0.95762265;
Key: 17,3,397,8.77 | Score: 0.95762265;
Key: 17,3,406,8.48 | Score: 0.9566825;
Key: 17,3,397,8.77 | Score: 0.95762265;
Key: 17,3,397,8.77 | Score: 0.95762265;
Key: 17,3,406,8.48 | Score: 0.9566825;
Key: 17,3,397,8.77 | Score: 0.95762265;
Key: 17,3,396,8.77 | Score: 0.95763046;
Key: 17,3,396,8.77 | Score: 0.95763046;
Key: 17,3,396,8.77 | Score: 0.95763046;
Key: 17,3,397,8.77 | Score: 0.95762265;
Key: 17,3,397,8.77 | Score: 0.95762265;
Key: 17,3,397,8.77 | Score: 0.95762265;
14,0.9575522,0.9576734,17,3,415,8.2
Key: 17,3,415,8.2 | Score: 0.9576734;
Key: 17,3,396,8.77 | Score: 0.95763046;
Key: 17,3,396,8.77 | Score: 0.95763046;
Key: 17,3,396,8.77 | Score: 0.95763046;
Key: 17,3,396,8.77 | Score: 0.95763046;
Key: 17,3,396,8.77 | Score: 0.95763046;
Key: 17,3,396,8.77 | Score: 0.95763046;
Key: 17,3,396,8.77 | Score: 0.95763046;
Key: 17,3,396,8.77 | Score: 0.95763046;
Key: 17,3,396,8.77 | Score: 0.95763046;
Key: 17,3,397,8.77 | Score: 0.95762265;
Key: 17,3,397,8.77 | Score: 0.95762265;
Key: 17,3,397,8.77 | Score: 0.95762265;
Key: 17,3,396,8.77 | Score: 0.95763046;
Key: 17,3,406,8.48 | Score: 0.9566825;
Key: 17,3,396,8.77 | Score: 0.95763046;
Key: 17,3,396,8.77 | Score: 0.95763046;
Key: 17,3,396,8.77 | Score: 0.95763046;
Key: 17,3,404,8.48 | Score: 0.95669806;
Key: 17,3,396,8.77 | Score: 0.95763046;
Key: 17,3,396,8.77 | Score: 0.95763046;
Key: 17,3,396,8.77 | Score: 0.95763046;
Key: 17,3,396,8.77 | Score: 0.95763046;
Key: 17,3,406,8.48 | Score: 0.9566825;
Key: 17,3,406,8.48 | Score: 0.9566825;
15,0.95748,0.9576734,17,3,415,8.2
Key: 17,3,415,8.2 | Score: 0.9576734;
Key: 17,3,396,8.77 | Score: 0.95763046;
Key: 17,3,396,8.77 | Score: 0.95763046;
Key: 17,3,398,8.77 | Score: 0.957609;
Key: 17,3,396,8.77 | Score: 0.95763046;
Key: 17,3,396,8.77 | Score: 0.95763046;
Key: 17,3,396,8.77 | Score: 0.95763046;
Key: 17,3,396,8.77 | Score: 0.95763046;
Key: 17,3,396,8.77 | Score: 0.95763046;
Key: 17,3,396,8.77 | Score: 0.95763046;
Key: 17,3,396,8.77 | Score: 0.95763046;
Key: 17,3,396,8.77 | Score: 0.95763046;
Key: 17,3,396,8.77 | Score: 0.95763046;
Key: 17,3,396,8.77 | Score: 0.95763046;
Key: 17,3,396,8.77 | Score: 0.95763046;
Key: 17,3,396,8.77 | Score: 0.95763046;
Key: 17,3,396,8.77 | Score: 0.95763046;
Key: 17,3,396,8.77 | Score: 0.95763046;
Key: 17,3,396,8.77 | Score: 0.95763046;
Key: 17,3,406,8.48 | Score: 0.9566825;
Key: 17,3,398,8.77 | Score: 0.957609;
Key: 17,3,396,8.77 | Score: 0.95763046;
Key: 17,3,396,8.77 | Score: 0.95763046;
Key: 17,3,396,8.77 | Score: 0.95763046;
Key: 17,3,406,8.48 | Score: 0.9566825;
16,0.95755446,0.9576734,17,3,415,8.2
Key: 17,3,415,8.2 | Score: 0.9576734;
Key: 17,3,396,8.77 | Score: 0.95763046;
Key: 17,3,396,8.77 | Score: 0.95763046;
Key: 17,3,396,8.77 | Score: 0.95763046;
Key: 17,3,396,8.77 | Score: 0.95763046;
Key: 17,3,396,8.77 | Score: 0.95763046;
Key: 17,3,396,8.77 | Score: 0.95763046;
Key: 17,3,396,8.77 | Score: 0.95763046;
Key: 17,3,397,8.77 | Score: 0.95762265;
Key: 17,3,396,8.77 | Score: 0.95763046;
Key: 17,3,396,8.77 | Score: 0.95763046;
Key: 17,3,397,8.77 | Score: 0.95762265;
Key: 17,3,396,8.77 | Score: 0.95763046;
Key: 17,3,396,8.77 | Score: 0.95763046;
Key: 17,3,407,8.48 | Score: 0.95667857;
Key: 17,3,396,8.77 | Score: 0.95763046;
Key: 17,3,396,8.77 | Score: 0.95763046;
Key: 17,3,396,8.77 | Score: 0.95763046;
Key: 17,3,396,8.77 | Score: 0.95763046;
Key: 17,3,396,8.77 | Score: 0.95763046;
Key: 17,3,406,8.48 | Score: 0.9566825;
Key: 17,3,406,8.48 | Score: 0.9566825;
Key: 17,3,406,8.48 | Score: 0.9566825;
Key: 17,3,396,8.77 | Score: 0.95763046;
Key: 17,3,406,8.48 | Score: 0.9566825;
17,0.9574416,0.9576734,17,3,415,8.2
Key: 17,3,415,8.2 | Score: 0.9576734;
Key: 17,3,396,8.77 | Score: 0.95763046;
Key: 17,3,396,8.77 | Score: 0.95763046;
Key: 17,3,396,8.77 | Score: 0.95763046;
Key: 17,3,396,8.77 | Score: 0.95763046;
Key: 17,3,396,8.77 | Score: 0.95763046;
Key: 17,3,396,8.77 | Score: 0.95763046;
Key: 17,3,396,8.77 | Score: 0.95763046;
Key: 17,3,396,8.77 | Score: 0.95763046;
Key: 17,3,396,8.77 | Score: 0.95763046;
Key: 17,3,396,8.77 | Score: 0.95763046;
Key: 17,3,396,8.77 | Score: 0.95763046;
Key: 17,3,396,8.77 | Score: 0.95763046;
Key: 17,3,396,8.77 | Score: 0.95763046;
Key: 17,3,396,8.77 | Score: 0.95763046;
Key: 17,3,396,8.77 | Score: 0.95763046;
Key: 17,3,398,8.77 | Score: 0.957609;
Key: 17,3,396,8.77 | Score: 0.95763046;
Key: 17,3,406,8.48 | Score: 0.9566825;
Key: 17,3,406,8.48 | Score: 0.9566825;
Key: 17,3,396,8.77 | Score: 0.95763046;
Key: 17,3,396,8.77 | Score: 0.95763046;
Key: 17,3,396,8.77 | Score: 0.95763046;
Key: 17,3,396,8.77 | Score: 0.95763046;
Key: 17,3,396,8.77 | Score: 0.95763046;
18,0.9575553,0.9576734,17,3,415,8.2
Key: 17,3,415,8.2 | Score: 0.9576734;
Key: 17,3,396,8.77 | Score: 0.95763046;
Key: 17,3,396,8.77 | Score: 0.95763046;
Key: 17,3,396,8.77 | Score: 0.95763046;
Key: 17,3,396,8.77 | Score: 0.95763046;
Key: 17,3,397,8.77 | Score: 0.95762265;
Key: 17,3,396,8.77 | Score: 0.95763046;
Key: 17,3,396,8.77 | Score: 0.95763046;
Key: 17,3,396,8.77 | Score: 0.95763046;
Key: 17,3,396,8.77 | Score: 0.95763046;
Key: 17,3,396,8.77 | Score: 0.95763046;
Key: 17,3,396,8.77 | Score: 0.95763046;
Key: 17,3,396,8.77 | Score: 0.95763046;
Key: 17,3,396,8.77 | Score: 0.95763046;
Key: 17,3,407,8.48 | Score: 0.95667857;
Key: 17,3,396,8.77 | Score: 0.95763046;
Key: 17,3,396,8.77 | Score: 0.95763046;
Key: 17,3,406,8.48 | Score: 0.9566825;
Key: 17,3,396,8.77 | Score: 0.95763046;
Key: 17,3,396,8.77 | Score: 0.95763046;
Key: 17,3,396,8.77 | Score: 0.95763046;
Key: 17,3,396,8.77 | Score: 0.95763046;
Key: 17,3,396,8.77 | Score: 0.95763046;
Key: 17,3,396,8.77 | Score: 0.95763046;
Key: 17,3,396,8.77 | Score: 0.95763046;
19,0.9575557,0.9576734,17,3,415,8.2
Key: 17,3,415,8.2 | Score: 0.9576734;
Key: 17,3,397,8.77 | Score: 0.95762265;
Key: 17,3,396,8.77 | Score: 0.95763046;
Key: 17,3,396,8.77 | Score: 0.95763046;
Key: 17,3,396,8.77 | Score: 0.95763046;
Key: 17,3,396,8.77 | Score: 0.95763046;
Key: 17,3,396,8.77 | Score: 0.95763046;
Key: 17,3,396,8.77 | Score: 0.95763046;
Key: 17,3,396,8.77 | Score: 0.95763046;
Key: 17,3,398,8.77 | Score: 0.957609;
Key: 17,3,396,8.77 | Score: 0.95763046;
Key: 17,3,396,8.77 | Score: 0.95763046;
Key: 17,3,396,8.77 | Score: 0.95763046;
Key: 17,3,396,8.77 | Score: 0.95763046;
Key: 17,3,396,8.77 | Score: 0.95763046;
Key: 17,3,396,8.77 | Score: 0.95763046;
Key: 17,3,396,8.77 | Score: 0.95763046;
Key: 17,3,406,8.48 | Score: 0.9566825;
Key: 17,3,396,8.77 | Score: 0.95763046;
Key: 17,3,396,8.77 | Score: 0.95763046;
Key: 17,3,396,8.77 | Score: 0.95763046;
Key: 17,3,396,8.77 | Score: 0.95763046;
Key: 17,3,396,8.77 | Score: 0.95763046;
Key: 17,3,398,8.77 | Score: 0.957609;
Key: 17,3,396,8.77 | Score: 0.95763046;
20,0.95759207,0.9576734,17,3,415,8.2
Key: 17,3,415,8.2 | Score: 0.9576734;
Key: 17,3,396,8.77 | Score: 0.95763046;
Key: 17,3,396,8.77 | Score: 0.95763046;
Key: 17,3,396,8.77 | Score: 0.95763046;
Key: 17,3,396,8.77 | Score: 0.95763046;
Key: 17,3,396,8.77 | Score: 0.95763046;
Key: 17,3,396,8.77 | Score: 0.95763046;
Key: 17,3,396,8.77 | Score: 0.95763046;
Key: 17,3,396,8.77 | Score: 0.95763046;
Key: 17,3,397,8.77 | Score: 0.95762265;
Key: 17,3,396,8.77 | Score: 0.95763046;
Key: 17,3,396,8.77 | Score: 0.95763046;
Key: 17,3,396,8.77 | Score: 0.95763046;
Key: 17,3,396,8.77 | Score: 0.95763046;
Key: 17,3,396,8.77 | Score: 0.95763046;
Key: 17,3,396,8.77 | Score: 0.95763046;
Key: 17,3,406,8.48 | Score: 0.9566825;
Key: 17,3,396,8.77 | Score: 0.95763046;
Key: 17,3,396,8.77 | Score: 0.95763046;
Key: 17,3,396,8.77 | Score: 0.95763046;
Key: 17,3,406,8.48 | Score: 0.9566825;
Key: 17,3,396,8.77 | Score: 0.95763046;
Key: 17,3,396,8.77 | Score: 0.95763046;
Key: 17,3,396,8.77 | Score: 0.95763046;
Key: 17,3,406,8.48 | Score: 0.9566825;
21,0.9575179,0.9576734,17,3,415,8.2
Key: 17,3,415,8.2 | Score: 0.9576734;
Key: 17,3,396,8.77 | Score: 0.95763046;
Key: 17,3,396,8.77 | Score: 0.95763046;
Key: 17,3,396,8.77 | Score: 0.95763046;
Key: 17,3,396,8.77 | Score: 0.95763046;
Key: 17,3,396,8.77 | Score: 0.95763046;
Key: 17,3,396,8.77 | Score: 0.95763046;
Key: 17,3,396,8.77 | Score: 0.95763046;
Key: 17,3,396,8.77 | Score: 0.95763046;
Key: 17,3,396,8.77 | Score: 0.95763046;
Key: 17,3,396,8.77 | Score: 0.95763046;
Key: 17,3,396,8.77 | Score: 0.95763046;
Key: 17,3,396,8.77 | Score: 0.95763046;
Key: 17,3,396,8.77 | Score: 0.95763046;
Key: 17,3,396,8.77 | Score: 0.95763046;
Key: 17,3,406,8.48 | Score: 0.9566825;
Key: 17,3,406,8.48 | Score: 0.9566825;
Key: 17,3,396,8.77 | Score: 0.95763046;
Key: 17,3,396,8.77 | Score: 0.95763046;
Key: 17,3,396,8.77 | Score: 0.95763046;
Key: 17,3,396,8.77 | Score: 0.95763046;
Key: 17,3,396,8.77 | Score: 0.95763046;
Key: 17,3,396,8.77 | Score: 0.95763046;
Key: 17,3,396,8.77 | Score: 0.95763046;
Key: 17,3,406,8.48 | Score: 0.9566825;
22,0.9575182,0.9576734,17,3,415,8.2
Key: 17,3,415,8.2 | Score: 0.9576734;
Key: 17,3,396,8.77 | Score: 0.95763046;
Key: 17,3,396,8.77 | Score: 0.95763046;
Key: 17,3,396,8.77 | Score: 0.95763046;
Key: 17,3,396,8.77 | Score: 0.95763046;
Key: 17,3,396,8.77 | Score: 0.95763046;
Key: 17,3,396,8.77 | Score: 0.95763046;
Key: 17,3,396,8.77 | Score: 0.95763046;
Key: 17,3,396,8.77 | Score: 0.95763046;
Key: 17,3,396,8.77 | Score: 0.95763046;
Key: 17,3,396,8.77 | Score: 0.95763046;
Key: 17,3,396,8.77 | Score: 0.95763046;
Key: 17,3,396,8.77 | Score: 0.95763046;
Key: 17,3,396,8.77 | Score: 0.95763046;
Key: 17,3,396,8.77 | Score: 0.95763046;
Key: 17,3,396,8.77 | Score: 0.95763046;
Key: 17,3,396,8.77 | Score: 0.95763046;
Key: 17,3,398,8.77 | Score: 0.957609;
Key: 17,3,396,8.77 | Score: 0.95763046;
Key: 17,3,406,8.48 | Score: 0.9566825;
Key: 17,3,406,8.48 | Score: 0.9566825;
Key: 17,3,406,8.48 | Score: 0.9566825;
Key: 17,3,396,8.77 | Score: 0.95763046;
Key: 17,3,396,8.77 | Score: 0.95763046;
Key: 17,3,396,8.77 | Score: 0.95763046;
23,0.9575174,0.9576734,17,3,415,8.2
Key: 17,3,415,8.2 | Score: 0.9576734;
Key: 17,3,396,8.77 | Score: 0.95763046;
Key: 17,3,396,8.77 | Score: 0.95763046;
Key: 17,3,396,8.77 | Score: 0.95763046;
Key: 17,3,396,8.77 | Score: 0.95763046;
Key: 17,3,396,8.77 | Score: 0.95763046;
Key: 17,3,396,8.77 | Score: 0.95763046;
Key: 17,3,397,8.77 | Score: 0.95762265;
Key: 17,3,397,8.77 | Score: 0.95762265;
Key: 17,3,396,8.77 | Score: 0.95763046;
Key: 17,3,397,8.77 | Score: 0.95762265;
Key: 17,3,396,8.77 | Score: 0.95763046;
Key: 17,3,396,8.77 | Score: 0.95763046;
Key: 17,3,406,8.48 | Score: 0.9566825;
Key: 17,3,396,8.77 | Score: 0.95763046;
Key: 17,3,406,8.48 | Score: 0.9566825;
Key: 17,3,406,8.48 | Score: 0.9566825;
Key: 17,3,396,8.77 | Score: 0.95763046;
Key: 17,3,398,8.77 | Score: 0.957609;
Key: 17,3,396,8.77 | Score: 0.95763046;
Key: 17,3,406,8.48 | Score: 0.9566825;
Key: 17,3,396,8.77 | Score: 0.95763046;
Key: 17,3,396,8.77 | Score: 0.95763046;
Key: 17,3,406,8.48 | Score: 0.9566825;
Key: 17,3,406,8.48 | Score: 0.9566825;
24,0.9574027,0.9576734,17,3,415,8.2
2018.03.11.07.42.07
