2018.03.12.03.42.50
generation,average_fitness,best_fitness,best_w,best_w_n,best_s_r,best_lambda
Key: 13,3,299,4.01 | Score: 0.95320106;
Key: 15,3,23,24.64 | Score: 0.9423686;
Key: 10,3,348,15.04 | Score: 0.92162025;
Key: 7,3,485,1.33 | Score: 0.95264864;
Key: 19,3,315,29.94 | Score: 0.9443985;
0,0.94284743,0.95320106,13,3,299,4.01
Key: 13,3,299,4.01 | Score: 0.95320106;
Key: 7,3,487,1.33 | Score: 0.95264864;
Key: 19,3,315,29.94 | Score: 0.9443985;
Key: 10,3,392,2.67 | Score: 0.949015;
Key: 10,3,392,2.67 | Score: 0.949015;
1,0.94965565,0.95320106,13,3,299,4.01
Key: 13,3,297,4.01 | Score: 0.95319355;
Key: 7,3,487,1.33 | Score: 0.95264864;
Key: 10,3,392,2.67 | Score: 0.949015;
Key: 10,3,393,2.67 | Score: 0.94901687;
Key: 10,3,393,2.67 | Score: 0.94901687;
2,0.9505782,0.95319355,13,3,297,4.01
Key: 13,3,297,4.01 | Score: 0.95319355;
Key: 7,3,487,1.33 | Score: 0.95264864;
Key: 10,3,393,2.67 | Score: 0.94901687;
Key: 10,3,392,2.67 | Score: 0.949015;
Key: 10,3,392,2.67 | Score: 0.949015;
3,0.95057786,0.95319355,13,3,297,4.01
Key: 13,3,297,4.01 | Score: 0.95319355;
Key: 7,3,487,1.33 | Score: 0.95264864;
Key: 10,3,393,2.67 | Score: 0.94901687;
Key: 10,3,392,2.67 | Score: 0.949015;
Key: 10,3,392,2.67 | Score: 0.949015;
4,0.95057786,0.95319355,13,3,297,4.01
2018.03.12.04.01.22
