2018.03.12.03.06.54
generation,average_fitness,best_fitness,best_w,best_w_n,best_s_r,best_lambda
Key: 7,3,224,13.34 | Score: 0.9255935;
Key: 12,3,325,17.01 | Score: 0.92407733;
Key: 20,3,157,16.55 | Score: 0.94545174;
Key: 8,3,500,8.61 | Score: 0.9298678;
Key: 18,3,375,2.2 | Score: 0.9577034;
0,0.9365388,0.9577034,18,3,375,2.2
Key: 18,3,375,2.2 | Score: 0.9577034;
Key: 20,3,157,16.55 | Score: 0.94545174;
Key: 8,3,500,8.61 | Score: 0.9298678;
Key: 19,3,267,9.33 | Score: 0.95607305;
Key: 19,3,267,9.33 | Score: 0.95607305;
1,0.94903386,0.9577034,18,3,375,2.2
Key: 18,3,375,2.2 | Score: 0.9577034;
Key: 19,3,267,9.33 | Score: 0.95607305;
Key: 19,3,267,9.33 | Score: 0.95607305;
Key: 18,3,321,5.76 | Score: 0.95914733;
Key: 18,3,321,5.76 | Score: 0.95914733;
2,0.95762885,0.95914733,18,3,321,5.76
Key: 18,3,321,5.76 | Score: 0.95914733;
Key: 18,3,321,5.76 | Score: 0.95914733;
Key: 18,3,375,2.2 | Score: 0.9577034;
Key: 18,3,321,5.76 | Score: 0.95914733;
Key: 18,3,321,5.76 | Score: 0.95914733;
3,0.9588586,0.95914733,18,3,321,5.76
Key: 18,3,321,5.76 | Score: 0.95914733;
Key: 18,3,321,5.76 | Score: 0.95914733;
Key: 18,3,321,5.76 | Score: 0.95914733;
Key: 18,3,321,5.76 | Score: 0.95914733;
Key: 18,3,321,5.76 | Score: 0.95914733;
4,0.95914733,0.95914733,18,3,321,5.76
2018.03.12.03.26.55
