generation,average_fitness,best_fitness,best_w,best_w_n,best_s_r,best_lambda
2018.03.14.07.45.59
Key: 15,3,217,8.26 | Score: 0.94754815;
Key: 1,3,457,29.27 | Score: 0.9271811;
Key: 1,3,110,12.65 | Score: 0.9192505;
Key: 16,3,349,15.85 | Score: 0.9436343;
Key: 9,3,14,22.31 | Score: 0.93855447;
Key: 21,3,460,14.22 | Score: 0.94607955;
Key: 15,3,335,25.58 | Score: 0.93033826;
Key: 13,3,476,4.43 | Score: 0.95464927;
Key: 18,3,100,9.71 | Score: 0.9360127;
Key: 12,3,457,16.37 | Score: 0.9246958;
0,0.9367944,0.95464927,13,3,476,4.43
2018.03.14.08.11.00
2018.03.14.08.11.00
Key: 13,3,476,4.43 | Score: 0.95464927;
Key: 15,3,217,8.26 | Score: 0.94754815;
Key: 21,3,460,14.22 | Score: 0.94607955;
Key: 16,3,349,15.85 | Score: 0.9436343;
Key: 9,3,14,22.31 | Score: 0.93855447;
Key: 15,3,283,12.05 | Score: 0.94249254;
Key: 18,3,338,11.24 | Score: 0.9549003;
Key: 18,3,338,11.24 | Score: 0.9549003;
Key: 14,3,413,10.11 | Score: 0.9419662;
Key: 14,3,347,6.34 | Score: 0.9515325;
1,0.9476258,0.9549003,18,3,338,11.24
2018.03.14.08.23.10
2018.03.14.08.23.10
Key: 18,3,338,11.24 | Score: 0.9549003;
Key: 18,3,338,11.24 | Score: 0.9549003;
Key: 13,3,476,4.43 | Score: 0.95464927;
Key: 14,3,347,6.34 | Score: 0.9515325;
Key: 15,3,217,8.26 | Score: 0.94754815;
Key: 18,3,338,11.24 | Score: 0.9549003;
Key: 16,3,407,7.84 | Score: 0.95417243;
Key: 13,3,412,5.38 | Score: 0.94982123;
Key: 16,3,407,7.84 | Score: 0.95417243;
Key: 16,3,342,8.79 | Score: 0.9527489;
2,0.95293456,0.9549003,18,3,338,11.24
2018.03.14.08.31.09
2018.03.14.08.31.09
Key: 18,3,338,11.24 | Score: 0.9549003;
Key: 18,3,338,11.24 | Score: 0.9549003;
Key: 18,3,338,11.24 | Score: 0.9549003;
Key: 13,3,477,4.43 | Score: 0.9546455;
Key: 16,3,407,7.84 | Score: 0.95417243;
Key: 18,3,338,11.24 | Score: 0.9549003;
Key: 16,3,407,7.84 | Score: 0.95417243;
Key: 18,3,338,11.24 | Score: 0.9549003;
Key: 18,3,338,11.24 | Score: 0.9549003;
Key: 18,3,338,11.24 | Score: 0.9549003;
3,0.95472926,0.9549003,18,3,338,11.24
2018.03.14.08.33.19
2018.03.14.08.33.19
Key: 18,3,338,11.24 | Score: 0.9549003;
Key: 18,3,338,11.24 | Score: 0.9549003;
Key: 18,3,338,11.24 | Score: 0.9549003;
Key: 18,3,338,11.24 | Score: 0.9549003;
Key: 18,3,338,11.24 | Score: 0.9549003;
Key: 18,3,338,11.24 | Score: 0.9549003;
Key: 18,3,338,11.24 | Score: 0.9549003;
Key: 18,3,338,11.24 | Score: 0.9549003;
Key: 18,3,338,11.24 | Score: 0.9549003;
Key: 18,3,338,11.24 | Score: 0.9549003;
4,0.9549004,0.9549003,18,3,338,11.24
2018.03.14.08.33.19
