generation,average_fitness,best_fitness,best_w,best_w_n,best_s_r,best_lambda
2018.03.14.07.28.00
Key: 1,3,318,8.32 | Score: 0.92284346;
Key: 15,3,288,24.77 | Score: 0.9304909;
Key: 11,3,60,15.41 | Score: 0.9254018;
Key: 9,3,323,4.9 | Score: 0.93706745;
Key: 2,3,350,27.29 | Score: 0.93164456;
Key: 11,3,229,6.87 | Score: 0.9349708;
Key: 16,3,427,3.55 | Score: 0.9620814;
Key: 7,3,12,22.79 | Score: 0.93357724;
Key: 1,3,19,1.84 | Score: 0.94479287;
Key: 9,3,409,16.92 | Score: 0.9203813;
0,0.9343252,0.9620814,16,3,427,3.55
2018.03.14.07.43.44
2018.03.14.07.43.44
Key: 16,3,427,3.55 | Score: 0.9620814;
Key: 1,3,19,1.84 | Score: 0.94479287;
Key: 9,3,323,4.9 | Score: 0.93706745;
Key: 11,3,229,6.87 | Score: 0.9349708;
Key: 7,3,12,22.79 | Score: 0.93357724;
Key: 13,3,376,4.22 | Score: 0.95449066;
Key: 10,3,276,5.88 | Score: 0.9361234;
Key: 5,3,170,3.36 | Score: 0.9454219;
Key: 10,3,276,5.88 | Score: 0.9361234;
Key: 13,3,376,4.22 | Score: 0.95449066;
1,0.94391406,0.9620814,16,3,427,3.55
2018.03.14.07.48.16
2018.03.14.07.48.17
Key: 16,3,427,3.55 | Score: 0.9620814;
Key: 13,3,376,4.22 | Score: 0.95449066;
Key: 13,3,376,4.22 | Score: 0.95449066;
Key: 5,3,170,3.36 | Score: 0.9454219;
Key: 1,3,19,1.84 | Score: 0.94479287;
Key: 13,3,376,4.22 | Score: 0.95449066;
Key: 15,3,402,3.88 | Score: 0.9589489;
Key: 15,3,402,3.88 | Score: 0.9589489;
Key: 15,3,402,3.88 | Score: 0.9589489;
Key: 15,3,402,3.88 | Score: 0.9589489;
2,0.9551563,0.9620814,16,3,427,3.55
2018.03.14.07.51.22
2018.03.14.07.51.22
Key: 16,3,427,3.55 | Score: 0.9620814;
Key: 15,3,402,3.88 | Score: 0.9589489;
Key: 15,3,402,3.88 | Score: 0.9589489;
Key: 15,3,402,3.88 | Score: 0.9589489;
Key: 15,3,402,3.88 | Score: 0.9589489;
Key: 15,3,402,3.88 | Score: 0.9589489;
Key: 16,3,415,3.71 | Score: 0.9628607;
Key: 15,3,402,3.88 | Score: 0.9589489;
Key: 15,3,402,3.88 | Score: 0.9589489;
Key: 16,3,415,3.71 | Score: 0.9628607;
3,0.96004456,0.9628607,16,3,415,3.71
2018.03.14.07.54.17
2018.03.14.07.54.17
Key: 16,3,415,3.71 | Score: 0.9628607;
Key: 16,3,415,3.71 | Score: 0.9628607;
Key: 16,3,427,3.55 | Score: 0.9620814;
Key: 15,3,402,3.88 | Score: 0.9589489;
Key: 15,3,402,3.88 | Score: 0.9589489;
Key: 16,3,409,3.79 | Score: 0.96326387;
Key: 16,3,421,3.63 | Score: 0.96258295;
Key: 16,3,415,3.71 | Score: 0.9628607;
Key: 16,3,415,3.71 | Score: 0.9628607;
Key: 16,3,408,3.79 | Score: 0.9632716;
4,0.9620541,0.9632716,16,3,408,3.79
2018.03.14.08.02.22
