generation,average_fitness,best_fitness,best_w,best_w_n,best_s_r,best_lambda
2018.03.14.08.02.53
Key: 19,3,242,8.62 | Score: 0.956506;
Key: 19,3,313,29.49 | Score: 0.944626;
Key: 4,3,348,29.67 | Score: 0.93202037;
Key: 17,3,392,12.75 | Score: 0.95169276;
Key: 9,3,225,10.93 | Score: 0.92546606;
Key: 8,3,123,29.24 | Score: 0.9239475;
Key: 4,3,190,29.7 | Score: 0.93226457;
Key: 13,3,472,8.4 | Score: 0.9408798;
Key: 19,3,453,5.97 | Score: 0.9558755;
Key: 14,3,150,22.72 | Score: 0.92308074;
0,0.93863595,0.956506,19,3,242,8.62
2018.03.14.08.28.13
2018.03.14.08.28.13
Key: 19,3,242,8.62 | Score: 0.956506;
Key: 19,3,453,5.97 | Score: 0.9558755;
Key: 17,3,392,12.75 | Score: 0.95169276;
Key: 19,3,313,29.49 | Score: 0.944626;
Key: 13,3,472,8.4 | Score: 0.9408798;
Key: 19,3,383,17.66 | Score: 0.9503874;
Key: 18,3,353,21.09 | Score: 0.94729793;
Key: 19,3,347,7.3 | Score: 0.95717233;
Key: 18,3,423,9.35 | Score: 0.9561805;
Key: 18,3,423,9.35 | Score: 0.9561805;
1,0.9516799,0.95717233,19,3,347,7.3
2018.03.14.08.43.10
2018.03.14.08.43.10
Key: 19,3,347,7.3 | Score: 0.95717233;
Key: 19,3,242,8.62 | Score: 0.956506;
Key: 18,3,423,9.35 | Score: 0.9561805;
Key: 18,3,423,9.35 | Score: 0.9561805;
Key: 19,3,453,5.97 | Score: 0.9558755;
Key: 19,3,332,8.98 | Score: 0.95631045;
Key: 19,3,295,7.96 | Score: 0.95648205;
Key: 19,3,295,7.96 | Score: 0.95648205;
Key: 19,3,385,8.32 | Score: 0.9550975;
Key: 19,3,332,8.98 | Score: 0.95631045;
2,0.9562597,0.95717233,19,3,347,7.3
2018.03.14.08.55.07
2018.03.14.08.55.07
Key: 19,3,347,7.3 | Score: 0.95717233;
Key: 19,3,242,8.62 | Score: 0.956506;
Key: 19,3,295,7.96 | Score: 0.95648205;
Key: 19,3,293,7.96 | Score: 0.95655787;
Key: 19,3,332,8.98 | Score: 0.95631045;
Key: 19,3,268,8.29 | Score: 0.95720416;
Key: 19,3,268,8.29 | Score: 0.95720416;
Key: 19,3,295,7.96 | Score: 0.95648205;
Key: 19,3,321,7.63 | Score: 0.9571084;
Key: 19,3,295,7.96 | Score: 0.95648205;
3,0.95675087,0.95720416,19,3,268,8.29
2018.03.14.09.07.02
2018.03.14.09.07.02
Key: 19,3,268,8.29 | Score: 0.95720416;
Key: 19,3,268,8.29 | Score: 0.95720416;
Key: 19,3,347,7.3 | Score: 0.95717233;
Key: 19,3,321,7.63 | Score: 0.9571084;
Key: 19,3,293,7.96 | Score: 0.95655787;
Key: 19,3,334,7.46 | Score: 0.9565159;
Key: 19,3,294,7.96 | Score: 0.95652187;
Key: 19,3,294,7.96 | Score: 0.95652187;
Key: 19,3,307,7.8 | Score: 0.9567613;
Key: 19,3,307,7.8 | Score: 0.9567613;
4,0.956833,0.95720416,19,3,268,8.29
2018.03.14.09.19.03
