generation,average_fitness,best_fitness,best_w,best_w_n,best_s_r,best_lambda
2018.03.14.08.33.49
Key: 11,3,182,16.84 | Score: 0.9210628;
Key: 5,3,437,16.52 | Score: 0.9272001;
Key: 21,3,136,28.63 | Score: 0.93592244;
Key: 12,3,472,27.89 | Score: 0.9193422;
Key: 1,3,82,18.44 | Score: 0.9202564;
Key: 21,3,88,8.2 | Score: 0.9345245;
Key: 1,3,418,29.07 | Score: 0.9270792;
Key: 8,3,474,7.97 | Score: 0.93052924;
Key: 5,3,225,16.31 | Score: 0.9278974;
Key: 5,3,183,12.71 | Score: 0.9294958;
0,0.927331,0.93592244,21,3,136,28.63
2018.03.14.08.51.31
2018.03.14.08.51.31
Key: 21,3,136,28.63 | Score: 0.93592244;
Key: 21,3,88,8.2 | Score: 0.9345245;
Key: 8,3,474,7.97 | Score: 0.93052924;
Key: 5,3,183,12.71 | Score: 0.9294958;
Key: 5,3,225,16.31 | Score: 0.9278974;
Key: 15,3,305,18.33 | Score: 0.9344705;
Key: 15,3,305,18.33 | Score: 0.9344705;
Key: 15,3,281,8.09 | Score: 0.9496905;
Key: 15,3,305,18.33 | Score: 0.9344705;
Key: 7,3,329,10.34 | Score: 0.9279905;
1,0.93394625,0.9496905,15,3,281,8.09
2018.03.14.08.58.34
2018.03.14.08.58.34
Key: 15,3,281,8.09 | Score: 0.9496905;
Key: 21,3,136,28.63 | Score: 0.93592244;
Key: 21,3,88,8.2 | Score: 0.9345245;
Key: 15,3,305,18.33 | Score: 0.9344705;
Key: 15,3,305,18.33 | Score: 0.9344705;
Key: 18,3,196,13.26 | Score: 0.9489628;
Key: 21,3,112,18.42 | Score: 0.9321898;
Key: 18,3,185,8.14 | Score: 0.95381343;
Key: 18,3,220,23.48 | Score: 0.94266033;
Key: 18,3,209,18.29 | Score: 0.94567245;
2,0.94123775,0.95381343,18,3,185,8.14
2018.03.14.09.16.18
2018.03.14.09.16.18
Key: 18,3,185,8.14 | Score: 0.95381343;
Key: 15,3,281,8.09 | Score: 0.9496905;
Key: 18,3,196,13.26 | Score: 0.9489628;
Key: 18,3,209,18.29 | Score: 0.94567245;
Key: 18,3,220,23.48 | Score: 0.94266033;
Key: 18,3,190,10.69 | Score: 0.95219785;
Key: 16,3,245,13.18 | Score: 0.9436092;
Key: 18,3,202,15.77 | Score: 0.94674957;
Key: 16,3,245,13.18 | Score: 0.9436092;
Key: 18,3,190,10.69 | Score: 0.95219785;
3,0.9479163,0.95381343,18,3,185,8.14
2018.03.14.09.25.42
2018.03.14.09.25.42
Key: 18,3,185,8.14 | Score: 0.95381343;
Key: 18,3,190,10.69 | Score: 0.95219785;
Key: 18,3,190,10.69 | Score: 0.95219785;
Key: 15,3,280,8.09 | Score: 0.9497096;
Key: 18,3,196,13.26 | Score: 0.9489628;
Key: 18,3,187,9.41 | Score: 0.95284885;
Key: 17,3,235,9.39 | Score: 0.952317;
Key: 17,3,235,9.39 | Score: 0.952317;
Key: 17,3,233,8.12 | Score: 0.9556974;
Key: 18,3,190,10.69 | Score: 0.95219785;
4,0.95222604,0.9556974,17,3,233,8.12
2018.03.14.09.39.17
