generation,average_fitness,best_fitness,best_w,best_w_n,best_s_r,best_lambda
2018.03.14.06.08.15
Key: 18,3,65,2.17 | Score: 0.9404569;
Key: 5,3,117,12.54 | Score: 0.92986417;
Key: 9,3,281,29.68 | Score: 0.9200721;
Key: 14,3,68,7.09 | Score: 0.9318036;
Key: 8,3,124,2.01 | Score: 0.9474115;
Key: 6,3,219,18.12 | Score: 0.9259418;
Key: 2,3,347,27.26 | Score: 0.93159145;
Key: 17,3,99,10.31 | Score: 0.9346716;
Key: 15,3,166,10.99 | Score: 0.9384443;
Key: 9,3,361,21.3 | Score: 0.91947687;
0,0.93197346,0.9474115,8,3,124,2.01
2018.03.14.06.28.15
2018.03.14.06.28.15
Key: 8,3,124,2.01 | Score: 0.9474115;
Key: 18,3,65,2.17 | Score: 0.9404569;
Key: 15,3,166,10.99 | Score: 0.9384443;
Key: 17,3,99,10.31 | Score: 0.9346716;
Key: 14,3,68,7.09 | Score: 0.9318036;
Key: 13,3,95,2.09 | Score: 0.9476544;
Key: 12,3,112,6.13 | Score: 0.9362816;
Key: 17,3,115,6.58 | Score: 0.94394875;
Key: 17,3,115,6.58 | Score: 0.94394875;
Key: 17,3,115,6.58 | Score: 0.94394875;
1,0.94085705,0.9476544,13,3,95,2.09
2018.03.14.06.36.17
2018.03.14.06.36.17
Key: 13,3,95,2.09 | Score: 0.9476544;
Key: 8,3,124,2.01 | Score: 0.9474115;
Key: 17,3,115,6.58 | Score: 0.94394875;
Key: 17,3,115,6.58 | Score: 0.94394875;
Key: 17,3,114,6.58 | Score: 0.9440834;
Key: 15,3,105,4.33 | Score: 0.94365823;
Key: 11,3,109,2.05 | Score: 0.9478853;
Key: 12,3,120,4.29 | Score: 0.9416832;
Key: 11,3,109,2.05 | Score: 0.9478853;
Key: 11,3,109,2.05 | Score: 0.9478853;
2,0.9456043,0.9478853,11,3,109,2.05
2018.03.14.06.46.11
2018.03.14.06.46.11
Key: 11,3,109,2.05 | Score: 0.9478853;
Key: 11,3,109,2.05 | Score: 0.9478853;
Key: 11,3,109,2.05 | Score: 0.9478853;
Key: 13,3,94,2.09 | Score: 0.9477384;
Key: 8,3,124,2.01 | Score: 0.9474115;
Key: 11,3,109,2.05 | Score: 0.9478853;
Key: 11,3,109,2.05 | Score: 0.9478853;
Key: 11,3,109,2.05 | Score: 0.9478853;
Key: 11,3,109,2.05 | Score: 0.9478853;
Key: 12,3,102,2.07 | Score: 0.9494532;
3,0.9479801,0.9494532,12,3,102,2.07
2018.03.14.06.50.05
2018.03.14.06.50.05
Key: 12,3,102,2.07 | Score: 0.9494532;
Key: 11,3,109,2.05 | Score: 0.9478853;
Key: 11,3,109,2.05 | Score: 0.9478853;
Key: 11,3,109,2.05 | Score: 0.9478853;
Key: 11,3,109,2.05 | Score: 0.9478853;
Key: 11,3,109,2.05 | Score: 0.9478853;
Key: 11,3,109,2.05 | Score: 0.9478853;
Key: 12,3,105,2.06 | Score: 0.94916713;
Key: 11,3,109,2.05 | Score: 0.9478853;
Key: 11,3,109,2.05 | Score: 0.9478853;
4,0.94817036,0.9494532,12,3,102,2.07
2018.03.14.06.52.06
