2018.03.12.05.12.00
generation,average_fitness,best_fitness,best_w,best_w_n,best_s_r,best_lambda
Key: 18,3,496,6.55 | Score: 0.9582656;
Key: 7,3,116,13.37 | Score: 0.92685676;
Key: 17,3,276,13.44 | Score: 0.9503332;
Key: 20,3,404,5.57 | Score: 0.9507905;
Key: 2,3,12,10.54 | Score: 0.92189825;
0,0.9416288,0.9582656,18,3,496,6.55
Key: 18,3,496,6.55 | Score: 0.9582656;
Key: 20,3,404,5.57 | Score: 0.9507905;
Key: 17,3,276,13.44 | Score: 0.9503332;
Key: 19,3,450,6.06 | Score: 0.9559653;
Key: 19,3,450,6.06 | Score: 0.9559653;
1,0.954264,0.9582656,18,3,496,6.55
Key: 18,3,496,6.55 | Score: 0.9582656;
Key: 19,3,450,6.06 | Score: 0.9559653;
Key: 19,3,450,6.06 | Score: 0.9559653;
Key: 18,3,473,6.31 | Score: 0.958313;
Key: 18,3,473,6.31 | Score: 0.958313;
2,0.95736444,0.958313,18,3,473,6.31
Key: 18,3,473,6.31 | Score: 0.958313;
Key: 18,3,473,6.31 | Score: 0.958313;
Key: 18,3,496,6.55 | Score: 0.9582656;
Key: 18,3,473,6.31 | Score: 0.958313;
Key: 18,3,473,6.31 | Score: 0.958313;
3,0.9583036,0.958313,18,3,473,6.31
Key: 18,3,473,6.31 | Score: 0.958313;
Key: 18,3,473,6.31 | Score: 0.958313;
Key: 18,3,473,6.31 | Score: 0.958313;
Key: 18,3,473,6.31 | Score: 0.958313;
Key: 18,3,473,6.31 | Score: 0.958313;
4,0.958313,0.958313,18,3,473,6.31
2018.03.12.05.32.56
