2018.03.12.02.47.21
generation,average_fitness,best_fitness,best_w,best_w_n,best_s_r,best_lambda
Key: 9,3,382,12.94 | Score: 0.9237074;
Key: 5,3,49,15.37 | Score: 0.9311474;
Key: 1,3,344,18.46 | Score: 0.9203928;
Key: 12,3,334,17.18 | Score: 0.9237783;
Key: 19,3,494,3.28 | Score: 0.9529569;
0,0.93039656,0.9529569,19,3,494,3.28
Key: 19,3,494,3.28 | Score: 0.9529569;
Key: 5,3,49,15.37 | Score: 0.9311474;
Key: 12,3,332,17.18 | Score: 0.9237949;
Key: 12,3,274,9.26 | Score: 0.93281835;
Key: 12,3,274,9.26 | Score: 0.93281835;
1,0.93470716,0.9529569,19,3,494,3.28
Key: 19,3,494,3.28 | Score: 0.9529569;
Key: 12,3,274,9.26 | Score: 0.93281835;
Key: 12,3,275,9.26 | Score: 0.93281466;
Key: 16,3,385,6.24 | Score: 0.95677274;
Key: 16,3,385,6.24 | Score: 0.95677274;
2,0.94642705,0.95677274,16,3,385,6.24
Key: 16,3,385,6.24 | Score: 0.95677274;
Key: 16,3,385,6.24 | Score: 0.95677274;
Key: 19,3,494,3.28 | Score: 0.9529569;
Key: 16,3,385,6.24 | Score: 0.95677274;
Key: 16,3,385,6.24 | Score: 0.95677274;
3,0.95600957,0.95677274,16,3,385,6.24
Key: 16,3,385,6.24 | Score: 0.95677274;
Key: 16,3,385,6.24 | Score: 0.95677274;
Key: 16,3,385,6.24 | Score: 0.95677274;
Key: 16,3,385,6.24 | Score: 0.95677274;
Key: 16,3,385,6.24 | Score: 0.95677274;
4,0.9567727,0.95677274,16,3,385,6.24
2018.03.12.03.06.24
