2018.03.12.04.01.52
generation,average_fitness,best_fitness,best_w,best_w_n,best_s_r,best_lambda
Key: 19,3,278,4.72 | Score: 0.9587443;
Key: 3,3,394,16.76 | Score: 0.929181;
Key: 15,3,492,12.6 | Score: 0.9434732;
Key: 5,3,361,2.59 | Score: 0.9469775;
Key: 18,3,121,21.63 | Score: 0.93015206;
0,0.9417056,0.9587443,19,3,278,4.72
Key: 19,3,278,4.72 | Score: 0.9587443;
Key: 5,3,361,2.59 | Score: 0.9469775;
Key: 15,3,492,12.6 | Score: 0.9434732;
Key: 12,3,319,3.66 | Score: 0.9506476;
Key: 12,3,319,3.66 | Score: 0.9506476;
1,0.95009804,0.9587443,19,3,278,4.72
Key: 19,3,278,4.72 | Score: 0.9587443;
Key: 12,3,319,3.66 | Score: 0.9506476;
Key: 12,3,319,3.66 | Score: 0.9506476;
Key: 16,3,298,4.19 | Score: 0.9578897;
Key: 16,3,298,4.19 | Score: 0.9578897;
2,0.9551638,0.9587443,19,3,278,4.72
Key: 19,3,278,4.72 | Score: 0.9587443;
Key: 16,3,298,4.19 | Score: 0.9578897;
Key: 16,3,298,4.19 | Score: 0.9578897;
Key: 18,3,288,4.46 | Score: 0.9597372;
Key: 18,3,288,4.46 | Score: 0.9597372;
3,0.95879954,0.9597372,18,3,288,4.46
Key: 18,3,288,4.46 | Score: 0.9597372;
Key: 18,3,288,4.46 | Score: 0.9597372;
Key: 19,3,278,4.72 | Score: 0.9587443;
Key: 18,3,288,4.46 | Score: 0.9597372;
Key: 18,3,288,4.46 | Score: 0.9597372;
4,0.95953864,0.9597372,18,3,288,4.46
2018.03.12.04.23.13
