generation,average_fitness,best_fitness,best_w,best_w_n,best_s_r,best_lambda
2018.03.14.06.07.37
Key: 18,3,186,13.31 | Score: 0.9466588;
Key: 9,3,477,4.69 | Score: 0.938626;
Key: 20,3,156,8.51 | Score: 0.95444655;
Key: 14,3,349,2.95 | Score: 0.9571195;
Key: 18,3,303,9.67 | Score: 0.95624566;
Key: 11,3,492,4.58 | Score: 0.9436651;
Key: 6,3,6,10.7 | Score: 0.91259176;
0,0.94419336,0.9571195,14,3,349,2.95
2018.03.14.06.27.29
2018.03.14.06.27.29
Key: 14,3,349,2.95 | Score: 0.9571195;
Key: 18,3,302,9.67 | Score: 0.95625156;
Key: 20,3,157,8.51 | Score: 0.9554434;
Key: 18,3,186,13.31 | Score: 0.9466588;
Key: 17,3,253,5.73 | Score: 0.95853555;
Key: 19,3,230,9.09 | Score: 0.95719415;
Key: 19,3,230,9.09 | Score: 0.95719415;
1,0.9554853,0.95853555,17,3,253,5.73
2018.03.14.06.44.29
2018.03.14.06.44.29
Key: 17,3,253,5.73 | Score: 0.95853555;
Key: 19,3,230,9.09 | Score: 0.95719415;
Key: 19,3,230,9.09 | Score: 0.95719415;
Key: 14,3,349,2.95 | Score: 0.9571195;
Key: 18,3,242,7.41 | Score: 0.95662045;
Key: 18,3,242,7.41 | Score: 0.95662045;
Key: 19,3,230,9.09 | Score: 0.95719415;
2,0.9572112,0.95853555,17,3,253,5.73
2018.03.14.06.47.57
2018.03.14.06.47.57
Key: 17,3,255,5.73 | Score: 0.95851994;
Key: 19,3,230,9.09 | Score: 0.95719415;
Key: 19,3,230,9.09 | Score: 0.95719415;
Key: 19,3,230,9.09 | Score: 0.95719415;
Key: 18,3,242,7.41 | Score: 0.95662045;
Key: 18,3,242,7.41 | Score: 0.95662045;
Key: 18,3,242,7.41 | Score: 0.95662045;
3,0.95713764,0.95851994,17,3,255,5.73
2018.03.14.06.52.01
2018.03.14.06.52.01
Key: 17,3,255,5.73 | Score: 0.95851994;
Key: 19,3,230,9.09 | Score: 0.95719415;
Key: 19,3,231,9.09 | Score: 0.9571643;
Key: 19,3,230,9.09 | Score: 0.95719415;
Key: 18,3,243,7.41 | Score: 0.95656914;
Key: 19,3,230,9.09 | Score: 0.95719415;
Key: 18,3,243,7.41 | Score: 0.95656914;
4,0.9572007,0.95851994,17,3,255,5.73
2018.03.14.06.59.32
