generation,average_fitness,best_fitness,best_w,best_w_n,best_s_r,best_lambda
2018.03.14.08.33.55
Key: 17,3,320,23.09 | Score: 0.94119257;
Key: 17,3,352,2.24 | Score: 0.9612762;
Key: 3,3,262,6.9 | Score: 0.93583554;
Key: 18,3,426,6.48 | Score: 0.95876276;
Key: 1,3,426,22.33 | Score: 0.92214495;
Key: 5,3,255,21.9 | Score: 0.9271436;
Key: 1,3,14,22.27 | Score: 0.9172814;
0,0.9376624,0.9612762,17,3,352,2.24
2018.03.14.08.47.42
2018.03.14.08.47.42
Key: 17,3,352,2.24 | Score: 0.9612762;
Key: 18,3,426,6.48 | Score: 0.95876276;
Key: 17,3,320,23.09 | Score: 0.94119257;
Key: 3,3,262,6.9 | Score: 0.93583554;
Key: 17,3,391,4.36 | Score: 0.9618106;
Key: 18,3,373,14.71 | Score: 0.95277584;
Key: 17,3,389,4.36 | Score: 0.96183014;
1,0.9533548,0.96183014,17,3,389,4.36
2018.03.14.08.58.59
2018.03.14.08.58.59
Key: 17,3,389,4.36 | Score: 0.96183014;
Key: 17,3,391,4.36 | Score: 0.9618106;
Key: 17,3,352,2.24 | Score: 0.9612762;
Key: 18,3,426,6.48 | Score: 0.95876276;
Key: 17,3,371,3.3 | Score: 0.95999265;
Key: 17,3,390,4.36 | Score: 0.9618243;
Key: 17,3,371,3.3 | Score: 0.95999265;
2,0.96078414,0.96183014,17,3,389,4.36
2018.03.14.09.06.48
2018.03.14.09.06.48
Key: 17,3,389,4.36 | Score: 0.96183014;
Key: 17,3,390,4.36 | Score: 0.9618243;
Key: 17,3,391,4.36 | Score: 0.9618106;
Key: 17,3,352,2.24 | Score: 0.9612762;
Key: 17,3,390,4.36 | Score: 0.9618243;
Key: 17,3,391,4.36 | Score: 0.9618106;
Key: 17,3,390,4.36 | Score: 0.9618243;
3,0.9617429,0.96183014,17,3,389,4.36
2018.03.14.09.06.48
2018.03.14.09.06.48
Key: 17,3,389,4.36 | Score: 0.96183014;
Key: 17,3,390,4.36 | Score: 0.9618243;
Key: 17,3,390,4.36 | Score: 0.9618243;
Key: 17,3,391,4.36 | Score: 0.9618106;
Key: 17,3,390,4.36 | Score: 0.9618243;
Key: 17,3,390,4.36 | Score: 0.9618243;
Key: 17,3,390,4.36 | Score: 0.9618243;
4,0.96182317,0.96183014,17,3,389,4.36
2018.03.14.09.06.48
