generation,average_fitness,best_fitness,best_w,best_w_n,best_s_r,best_lambda
2018.03.14.09.31.54
Key: 3,3,348,21.45 | Score: 0.92997134;
Key: 20,3,204,4.23 | Score: 0.9583266;
Key: 3,3,234,21.56 | Score: 0.92988235;
Key: 18,3,492,26.21 | Score: 0.9446685;
Key: 7,3,342,8.18 | Score: 0.9313639;
Key: 2,3,193,16.1 | Score: 0.9269117;
Key: 17,3,314,8.44 | Score: 0.9563508;
0,0.9396394,0.9583266,20,3,204,4.23
2018.03.14.09.48.07
2018.03.14.09.48.07
Key: 20,3,204,4.23 | Score: 0.9583266;
Key: 17,3,314,8.44 | Score: 0.9563508;
Key: 18,3,493,26.21 | Score: 0.9446625;
Key: 7,3,342,8.18 | Score: 0.9313639;
Key: 19,3,347,15.14 | Score: 0.9527574;
Key: 19,3,347,15.14 | Score: 0.9527574;
Key: 17,3,402,17.27 | Score: 0.9468337;
1,0.9490075,0.9583266,20,3,204,4.23
2018.03.14.09.59.48
2018.03.14.09.59.48
Key: 20,3,204,4.23 | Score: 0.9583266;
Key: 17,3,314,8.44 | Score: 0.9563508;
Key: 19,3,347,15.14 | Score: 0.9527574;
Key: 19,3,346,15.14 | Score: 0.95277935;
Key: 20,3,275,9.67 | Score: 0.9552072;
Key: 19,3,259,6.33 | Score: 0.95858866;
Key: 20,3,275,9.67 | Score: 0.9552072;
2,0.95560247,0.95858866,19,3,259,6.33
2018.03.14.10.13.28
2018.03.14.10.13.28
Key: 19,3,259,6.33 | Score: 0.95858866;
Key: 20,3,204,4.23 | Score: 0.9583266;
Key: 17,3,314,8.44 | Score: 0.9563508;
Key: 20,3,275,9.67 | Score: 0.9552072;
Key: 18,3,286,7.38 | Score: 0.9583899;
Key: 18,3,286,7.38 | Score: 0.9583899;
Key: 19,3,232,5.28 | Score: 0.9590615;
3,0.9577592,0.9590615,19,3,232,5.28
2018.03.14.10.21.01
2018.03.14.10.21.01
Key: 19,3,232,5.28 | Score: 0.9590615;
Key: 19,3,259,6.33 | Score: 0.95858866;
Key: 18,3,286,7.38 | Score: 0.9583899;
Key: 18,3,286,7.38 | Score: 0.9583899;
Key: 19,3,245,5.8 | Score: 0.9598396;
Key: 19,3,272,6.85 | Score: 0.9583553;
Key: 19,3,259,6.33 | Score: 0.95858866;
4,0.9587448,0.9598396,19,3,245,5.8
2018.03.14.10.29.14
