generation,average_fitness,best_fitness,best_w,best_w_n,best_s_r,best_lambda
2018.03.14.07.00.03
Key: 5,3,341,19.09 | Score: 0.9271367;
Key: 16,3,156,24.66 | Score: 0.92843753;
Key: 5,3,177,28.36 | Score: 0.9297117;
Key: 13,3,223,23.97 | Score: 0.9215302;
Key: 21,3,63,24.04 | Score: 0.9164306;
Key: 18,3,173,8.57 | Score: 0.9531191;
Key: 5,3,181,14.79 | Score: 0.92798305;
0,0.92919266,0.9531191,18,3,173,8.57
2018.03.14.07.15.10
2018.03.14.07.15.10
Key: 18,3,173,8.57 | Score: 0.9531191;
Key: 5,3,177,28.36 | Score: 0.9297117;
Key: 16,3,156,24.66 | Score: 0.92843753;
Key: 5,3,181,14.79 | Score: 0.92798305;
Key: 12,3,175,18.34 | Score: 0.9211329;
Key: 12,3,175,18.34 | Score: 0.9211329;
Key: 17,3,165,16.51 | Score: 0.9381047;
1,0.93137455,0.9531191,18,3,173,8.57
2018.03.14.07.21.33
2018.03.14.07.21.33
Key: 18,3,173,8.57 | Score: 0.9531191;
Key: 17,3,165,16.51 | Score: 0.9381047;
Key: 5,3,177,28.36 | Score: 0.9297117;
Key: 16,3,156,24.66 | Score: 0.92843753;
Key: 18,3,169,12.51 | Score: 0.9470652;
Key: 11,3,171,22.41 | Score: 0.9188842;
Key: 12,3,175,18.34 | Score: 0.9211329;
2,0.93377936,0.9531191,18,3,173,8.57
2018.03.14.07.26.38
2018.03.14.07.26.38
Key: 18,3,173,8.57 | Score: 0.9531191;
Key: 18,3,169,12.51 | Score: 0.9470652;
Key: 17,3,165,16.51 | Score: 0.9381047;
Key: 5,3,177,28.36 | Score: 0.9297117;
Key: 18,3,169,12.51 | Score: 0.9470652;
Key: 18,3,167,14.5 | Score: 0.9441023;
Key: 18,3,169,12.51 | Score: 0.9470652;
3,0.9437476,0.9531191,18,3,173,8.57
2018.03.14.07.29.56
2018.03.14.07.29.56
Key: 18,3,173,8.57 | Score: 0.9531191;
Key: 18,3,169,12.51 | Score: 0.9470652;
Key: 18,3,169,12.51 | Score: 0.9470652;
Key: 18,3,169,12.51 | Score: 0.9470652;
Key: 18,3,171,10.53 | Score: 0.95018584;
Key: 18,3,171,10.53 | Score: 0.95018584;
Key: 18,3,171,10.53 | Score: 0.95018584;
4,0.9492675,0.9531191,18,3,173,8.57
2018.03.14.07.33.09
