generation,average_fitness,best_fitness,best_w,best_w_n,best_s_r,best_lambda
2018.03.14.07.33.40
Key: 19,3,310,28.18 | Score: 0.94489133;
Key: 20,3,393,19.17 | Score: 0.9490735;
Key: 6,3,486,7.52 | Score: 0.9330212;
Key: 17,3,499,12.19 | Score: 0.95220965;
Key: 9,3,66,20.83 | Score: 0.9251945;
Key: 14,3,475,17.26 | Score: 0.932113;
Key: 20,3,323,12.05 | Score: 0.9528789;
0,0.9413403,0.9528789,20,3,323,12.05
2018.03.14.07.57.19
2018.03.14.07.57.19
Key: 20,3,323,12.05 | Score: 0.9528789;
Key: 17,3,499,12.19 | Score: 0.95220965;
Key: 20,3,393,19.17 | Score: 0.9490735;
Key: 19,3,310,28.18 | Score: 0.94489133;
Key: 20,3,358,15.6 | Score: 0.95117795;
Key: 19,3,411,12.12 | Score: 0.9540881;
Key: 20,3,358,15.6 | Score: 0.95117795;
1,0.95078534,0.9540881,19,3,411,12.12
2018.03.14.08.06.17
2018.03.14.08.06.17
Key: 19,3,411,12.12 | Score: 0.9540881;
Key: 20,3,323,12.05 | Score: 0.9528789;
Key: 17,3,499,12.19 | Score: 0.95220965;
Key: 20,3,358,15.6 | Score: 0.95117795;
Key: 19,3,367,12.09 | Score: 0.95373696;
Key: 18,3,455,12.15 | Score: 0.95409554;
Key: 18,3,453,12.15 | Score: 0.9541192;
2,0.9531866,0.9541192,18,3,453,12.15
2018.03.14.08.16.46
2018.03.14.08.16.46
Key: 18,3,453,12.15 | Score: 0.9541192;
Key: 18,3,455,12.15 | Score: 0.95409554;
Key: 19,3,411,12.12 | Score: 0.9540881;
Key: 19,3,367,12.09 | Score: 0.95373696;
Key: 18,3,432,12.14 | Score: 0.9542336;
Key: 18,3,433,12.14 | Score: 0.9542375;
Key: 18,3,454,12.15 | Score: 0.9541054;
3,0.95408803,0.9542375,18,3,433,12.14
2018.03.14.08.26.50
2018.03.14.08.26.50
Key: 18,3,433,12.14 | Score: 0.9542375;
Key: 18,3,432,12.14 | Score: 0.9542336;
Key: 18,3,453,12.15 | Score: 0.9541192;
Key: 18,3,454,12.15 | Score: 0.9541054;
Key: 18,3,443,12.15 | Score: 0.95418626;
Key: 18,3,442,12.15 | Score: 0.9541941;
Key: 18,3,443,12.15 | Score: 0.95418626;
4,0.9541803,0.9542375,18,3,433,12.14
2018.03.14.08.33.24
