generation,average_fitness,best_fitness,best_w,best_w_n,best_s_r,best_lambda
2018.03.14.09.07.19
Key: 18,3,110,19.42 | Score: 0.9289725;
Key: 4,3,32,4.5 | Score: 0.9431525;
Key: 10,3,35,1.88 | Score: 0.95011884;
Key: 6,3,275,10.24 | Score: 0.92971605;
Key: 7,3,323,16.12 | Score: 0.924129;
Key: 18,3,39,3.1 | Score: 0.9384587;
Key: 14,3,35,20.51 | Score: 0.9314697;
0,0.9351453,0.95011884,10,3,35,1.88
2018.03.14.09.21.17
2018.03.14.09.21.17
Key: 10,3,35,1.88 | Score: 0.95011884;
Key: 4,3,32,4.5 | Score: 0.9431525;
Key: 18,3,39,3.1 | Score: 0.9384587;
Key: 14,3,35,20.51 | Score: 0.9314697;
Key: 11,3,35,3.8 | Score: 0.94461834;
Key: 7,3,34,3.19 | Score: 0.9476079;
Key: 7,3,34,3.19 | Score: 0.9476079;
1,0.9432906,0.95011884,10,3,35,1.88
2018.03.14.09.24.04
2018.03.14.09.24.04
Key: 10,3,35,1.88 | Score: 0.95011884;
Key: 7,3,34,3.19 | Score: 0.9476079;
Key: 7,3,32,3.19 | Score: 0.9480243;
Key: 11,3,35,3.8 | Score: 0.94461834;
Key: 9,3,35,2.53 | Score: 0.9490871;
Key: 9,3,35,2.53 | Score: 0.9490871;
Key: 9,3,35,2.53 | Score: 0.9490871;
2,0.94823295,0.95011884,10,3,35,1.88
2018.03.14.09.26.40
2018.03.14.09.26.40
Key: 10,3,34,1.88 | Score: 0.9505814;
Key: 9,3,35,2.53 | Score: 0.9490871;
Key: 9,3,35,2.53 | Score: 0.9490871;
Key: 9,3,35,2.53 | Score: 0.9490871;
Key: 10,3,35,2.2 | Score: 0.9483774;
Key: 9,3,35,2.53 | Score: 0.9490871;
Key: 9,3,35,2.53 | Score: 0.9490871;
3,0.94919914,0.9505814,10,3,34,1.88
2018.03.14.09.29.49
2018.03.14.09.29.49
Key: 10,3,34,1.88 | Score: 0.9505814;
Key: 9,3,35,2.53 | Score: 0.9490871;
Key: 9,3,35,2.53 | Score: 0.9490871;
Key: 9,3,35,2.53 | Score: 0.9490871;
Key: 10,3,34,2.2 | Score: 0.9489193;
Key: 10,3,34,2.2 | Score: 0.9489193;
Key: 9,3,35,2.53 | Score: 0.9490871;
4,0.9492526,0.9505814,10,3,34,1.88
2018.03.14.09.31.23
