generation,average_fitness,best_fitness,best_w,best_w_n,best_s_r,best_lambda
2018.03.14.10.54.18
Key: 5,3,209,17.51 | Score: 0.92736626;
Key: 2,3,134,26.72 | Score: 0.93187046;
Key: 13,3,417,22.15 | Score: 0.9239321;
Key: 3,3,168,29.19 | Score: 0.9338825;
Key: 16,3,329,26.08 | Score: 0.9352122;
Key: 17,3,448,28.78 | Score: 0.9399637;
Key: 18,3,432,11.22 | Score: 0.9545847;
0,0.93525887,0.9545847,18,3,432,11.22
2018.03.14.11.09.38
2018.03.14.11.09.38
Key: 18,3,432,11.22 | Score: 0.9545847;
Key: 17,3,448,28.78 | Score: 0.9399637;
Key: 16,3,329,26.08 | Score: 0.9352122;
Key: 3,3,168,29.19 | Score: 0.9338825;
Key: 17,3,389,27.43 | Score: 0.93965155;
Key: 18,3,440,19.93 | Score: 0.947872;
Key: 17,3,389,27.43 | Score: 0.93965155;
1,0.9415455,0.9545847,18,3,432,11.22
2018.03.14.11.17.20
2018.03.14.11.17.20
Key: 18,3,432,11.22 | Score: 0.9545847;
Key: 18,3,440,19.93 | Score: 0.947872;
Key: 17,3,448,28.78 | Score: 0.9399637;
Key: 17,3,389,27.43 | Score: 0.93965155;
Key: 18,3,444,24.34 | Score: 0.94511425;
Key: 18,3,440,19.93 | Score: 0.947872;
Key: 18,3,436,15.56 | Score: 0.95078355;
2,0.9465488,0.9545847,18,3,432,11.22
2018.03.14.11.24.25
2018.03.14.11.24.25
Key: 18,3,432,11.22 | Score: 0.9545847;
Key: 18,3,436,15.56 | Score: 0.95078355;
Key: 18,3,440,19.93 | Score: 0.947872;
Key: 18,3,440,19.93 | Score: 0.947872;
Key: 18,3,436,15.56 | Score: 0.95078355;
Key: 18,3,438,17.74 | Score: 0.9496434;
Key: 18,3,436,15.56 | Score: 0.95078355;
3,0.9503318,0.9545847,18,3,432,11.22
2018.03.14.11.27.54
2018.03.14.11.27.54
Key: 18,3,432,11.22 | Score: 0.9545847;
Key: 18,3,436,15.56 | Score: 0.95078355;
Key: 18,3,437,15.56 | Score: 0.95078355;
Key: 18,3,436,15.56 | Score: 0.95078355;
Key: 18,3,434,13.39 | Score: 0.9529317;
Key: 18,3,434,13.39 | Score: 0.9529317;
Key: 18,3,434,13.39 | Score: 0.9529317;
4,0.95224726,0.9545847,18,3,432,11.22
2018.03.14.11.34.55
