generation,average_fitness,best_fitness,best_w,best_w_n,best_s_r,best_lambda
2018.03.14.11.35.25
Key: 19,3,240,2.89 | Score: 0.95922315;
Key: 5,3,54,16.78 | Score: 0.9304021;
Key: 13,3,407,12.22 | Score: 0.9346707;
Key: 5,3,72,12.02 | Score: 0.9309263;
Key: 2,3,412,28.37 | Score: 0.93244004;
Key: 7,3,185,12.3 | Score: 0.9268952;
Key: 2,3,51,6.98 | Score: 0.93402267;
0,0.9355115,0.95922315,19,3,240,2.89
2018.03.14.11.46.15
2018.03.14.11.46.15
Key: 19,3,240,2.89 | Score: 0.95922315;
Key: 13,3,407,12.22 | Score: 0.9346707;
Key: 2,3,51,6.98 | Score: 0.93402267;
Key: 2,3,414,28.37 | Score: 0.93244004;
Key: 16,3,322,7.49 | Score: 0.9542767;
Key: 8,3,229,9.6 | Score: 0.92824984;
Key: 16,3,323,7.49 | Score: 0.9542612;
1,0.9424492,0.95922315,19,3,240,2.89
2018.03.14.11.54.42
2018.03.14.11.54.42
Key: 19,3,242,2.89 | Score: 0.95911133;
Key: 16,3,322,7.49 | Score: 0.9542767;
Key: 16,3,323,7.49 | Score: 0.9542612;
Key: 13,3,407,12.22 | Score: 0.9346707;
Key: 18,3,281,5.18 | Score: 0.9606998;
Key: 18,3,281,5.18 | Score: 0.9606998;
Key: 16,3,323,7.49 | Score: 0.9542612;
2,0.9539972,0.9606998,18,3,281,5.18
2018.03.14.12.03.03
2018.03.14.12.03.03
Key: 18,3,281,5.18 | Score: 0.9606998;
Key: 18,3,283,5.18 | Score: 0.96064657;
Key: 19,3,242,2.89 | Score: 0.95911133;
Key: 16,3,322,7.49 | Score: 0.9542767;
Key: 18,3,262,4.04 | Score: 0.9602974;
Key: 18,3,262,4.04 | Score: 0.9602974;
Key: 18,3,262,4.04 | Score: 0.9602974;
3,0.9593752,0.9606998,18,3,281,5.18
2018.03.14.12.10.41
2018.03.14.12.10.41
Key: 18,3,281,5.18 | Score: 0.9606998;
Key: 18,3,283,5.18 | Score: 0.96064657;
Key: 18,3,262,4.04 | Score: 0.9602974;
Key: 18,3,262,4.04 | Score: 0.9602974;
Key: 18,3,273,4.61 | Score: 0.9606426;
Key: 18,3,272,4.61 | Score: 0.96069384;
Key: 18,3,273,4.61 | Score: 0.9606426;
4,0.96056014,0.9606998,18,3,281,5.18
2018.03.14.12.18.27
