2018.03.13.08.25.25
generation,average_fitness,best_fitness,best_w,best_w_n,best_s_r,best_lambda
Key: 21,3,251,19.55 | Score: 0.9502326;
Key: 2,3,224,19.33 | Score: 0.9278749;
Key: 7,3,43,4.47 | Score: 0.943064;
Key: 7,3,432,2.2 | Score: 0.94928056;
Key: 10,3,315,7.37 | Score: 0.9317353;
Key: 12,3,132,10.06 | Score: 0.92904323;
Key: 21,3,253,17.01 | Score: 0.9511265;
Key: 10,3,9,25.4 | Score: 0.9300118;
Key: 16,3,126,4.75 | Score: 0.94638306;
Key: 17,3,428,15.83 | Score: 0.9475477;
0,0.94062984,0.9511265,21,3,253,17.01
Key: 21,3,253,17.01 | Score: 0.9511265;
Key: 21,3,251,19.55 | Score: 0.9502326;
Key: 7,3,432,2.2 | Score: 0.94928056;
Key: 17,3,428,15.83 | Score: 0.9475477;
Key: 16,3,126,4.75 | Score: 0.94638306;
Key: 14,3,342,9.61 | Score: 0.9423058;
Key: 14,3,341,10.88 | Score: 0.9407077;
Key: 14,3,341,10.88 | Score: 0.9407077;
Key: 19,3,340,16.42 | Score: 0.95187765;
Key: 19,3,340,16.42 | Score: 0.95187765;
1,0.94720477,0.95187765,19,3,340,16.42
Key: 19,3,340,16.42 | Score: 0.95187765;
Key: 19,3,340,16.42 | Score: 0.95187765;
Key: 21,3,253,17.01 | Score: 0.9511265;
Key: 21,3,251,19.55 | Score: 0.9502326;
Key: 7,3,432,2.2 | Score: 0.94928056;
Key: 20,3,296,17.98 | Score: 0.95077646;
Key: 21,3,252,18.28 | Score: 0.9501796;
Key: 20,3,296,17.98 | Score: 0.95077646;
Key: 19,3,340,16.42 | Score: 0.95187765;
Key: 20,3,296,17.98 | Score: 0.95077646;
2,0.95087826,0.95187765,19,3,340,16.42
Key: 19,3,340,16.42 | Score: 0.95187765;
Key: 19,3,340,16.42 | Score: 0.95187765;
Key: 19,3,340,16.42 | Score: 0.95187765;
Key: 21,3,253,17.01 | Score: 0.9511265;
Key: 20,3,296,17.98 | Score: 0.95077646;
Key: 20,3,297,16.71 | Score: 0.95175296;
Key: 19,3,340,16.42 | Score: 0.95187765;
Key: 19,3,340,16.42 | Score: 0.95187765;
Key: 20,3,297,16.71 | Score: 0.95175296;
Key: 19,3,340,16.42 | Score: 0.95187765;
3,0.9516675,0.95187765,19,3,340,16.42
Key: 19,3,342,16.42 | Score: 0.9518358;
Key: 19,3,340,16.42 | Score: 0.95187765;
Key: 19,3,340,16.42 | Score: 0.95187765;
Key: 19,3,340,16.42 | Score: 0.95187765;
Key: 19,3,340,16.42 | Score: 0.95187765;
Key: 19,3,340,16.42 | Score: 0.95187765;
Key: 19,3,340,16.42 | Score: 0.95187765;
Key: 19,3,340,16.42 | Score: 0.95187765;
Key: 19,3,340,16.42 | Score: 0.95187765;
Key: 19,3,340,16.42 | Score: 0.95187765;
4,0.9518735,0.95187765,19,3,340,16.42
2018.03.13.09.11.21
