2018.03.13.06.22.30
generation,average_fitness,best_fitness,best_w,best_w_n,best_s_r,best_lambda
Key: 1,3,128,10.74 | Score: 0.9202285;
Key: 15,3,213,28.04 | Score: 0.92766166;
Key: 18,3,453,13.37 | Score: 0.9527443;
Key: 5,3,456,10.05 | Score: 0.93101203;
Key: 18,3,442,8.61 | Score: 0.9569045;
Key: 5,3,428,8.51 | Score: 0.93252826;
Key: 10,3,20,2.16 | Score: 0.95552415;
Key: 6,3,25,13.9 | Score: 0.9355125;
Key: 16,3,232,29.51 | Score: 0.93178624;
Key: 5,3,375,17.52 | Score: 0.9269996;
0,0.9370901,0.9569045,18,3,442,8.61
Key: 18,3,442,8.61 | Score: 0.9569045;
Key: 10,3,20,2.16 | Score: 0.95552415;
Key: 18,3,453,13.37 | Score: 0.9527443;
Key: 6,3,25,13.9 | Score: 0.9355125;
Key: 5,3,428,8.51 | Score: 0.93252826;
Key: 14,3,231,5.39 | Score: 0.94987774;
Key: 12,3,236,11.23 | Score: 0.92975765;
Key: 14,3,231,5.39 | Score: 0.94987774;
Key: 18,3,447,10.98 | Score: 0.95393384;
Key: 8,3,22,7.97 | Score: 0.94344515;
1,0.9460107,0.9569045,18,3,442,8.61
Key: 18,3,442,8.61 | Score: 0.9569045;
Key: 10,3,20,2.16 | Score: 0.95552415;
Key: 18,3,447,10.98 | Score: 0.95393384;
Key: 18,3,453,13.37 | Score: 0.9527443;
Key: 14,3,231,5.39 | Score: 0.94987774;
Key: 18,3,446,10.98 | Score: 0.9539397;
Key: 14,3,231,5.39 | Score: 0.94987774;
Key: 18,3,450,12.17 | Score: 0.9541961;
Key: 18,3,444,9.79 | Score: 0.9555908;
Key: 18,3,446,9.79 | Score: 0.95556706;
2,0.9538156,0.9569045,18,3,442,8.61
Key: 18,3,442,8.61 | Score: 0.9569045;
Key: 18,3,444,9.79 | Score: 0.9555908;
Key: 18,3,446,9.79 | Score: 0.95556706;
Key: 10,3,20,2.16 | Score: 0.95552415;
Key: 18,3,450,12.17 | Score: 0.9541961;
Key: 14,3,232,5.98 | Score: 0.94797575;
Key: 14,3,232,5.98 | Score: 0.94797575;
Key: 14,3,232,5.98 | Score: 0.94797575;
Key: 18,3,444,9.2 | Score: 0.9556617;
Key: 14,3,232,5.98 | Score: 0.94797575;
3,0.9525348,0.9569045,18,3,442,8.61
Key: 18,3,442,8.61 | Score: 0.9569045;
Key: 18,3,444,9.2 | Score: 0.9556617;
Key: 18,3,444,9.79 | Score: 0.9555908;
Key: 18,3,446,9.79 | Score: 0.95556706;
Key: 10,3,20,2.16 | Score: 0.95552415;
Key: 18,3,444,9.2 | Score: 0.9556617;
Key: 18,3,444,9.49 | Score: 0.9563561;
Key: 18,3,444,9.2 | Score: 0.9556617;
Key: 18,3,444,9.2 | Score: 0.9556617;
Key: 18,3,443,8.9 | Score: 0.95599514;
4,0.9558585,0.9569045,18,3,442,8.61
2018.03.13.07.16.27
