2018.03.13.12.19.25
generation,average_fitness,best_fitness,best_w,best_w_n,best_s_r,best_lambda
Key: 19,3,103,27.03 | Score: 0.925616;
Key: 6,3,444,23.67 | Score: 0.9255956;
Key: 19,3,48,2.49 | Score: 0.93604565;
Key: 2,3,418,17.34 | Score: 0.92710936;
Key: 6,3,263,25.88 | Score: 0.92610806;
Key: 7,3,24,9.54 | Score: 0.94053745;
Key: 9,3,481,5.7 | Score: 0.9357145;
Key: 6,3,223,13.76 | Score: 0.9270741;
Key: 5,3,371,19.21 | Score: 0.9273338;
Key: 17,3,103,21.13 | Score: 0.9254198;
0,0.9296554,0.94053745,7,3,24,9.54
Key: 7,3,24,9.54 | Score: 0.94053745;
Key: 19,3,48,2.49 | Score: 0.93604565;
Key: 9,3,481,5.7 | Score: 0.9357145;
Key: 5,3,371,19.21 | Score: 0.9273338;
Key: 2,3,416,17.34 | Score: 0.92710936;
Key: 13,3,36,6.02 | Score: 0.93900985;
Key: 14,3,264,4.09 | Score: 0.9537703;
Key: 12,3,209,10.81 | Score: 0.9287405;
Key: 8,3,252,7.62 | Score: 0.92970335;
Key: 12,3,209,10.81 | Score: 0.9287405;
1,0.93467057,0.9537703,14,3,264,4.09
Key: 14,3,264,4.09 | Score: 0.9537703;
Key: 7,3,24,9.54 | Score: 0.94053745;
Key: 13,3,36,6.02 | Score: 0.93900985;
Key: 19,3,48,2.49 | Score: 0.93604565;
Key: 9,3,481,5.7 | Score: 0.9357145;
Key: 16,3,42,4.26 | Score: 0.9366898;
Key: 13,3,36,6.02 | Score: 0.93900985;
Key: 11,3,145,6.8 | Score: 0.93397737;
Key: 14,3,151,5.05 | Score: 0.94672287;
Key: 16,3,42,4.26 | Score: 0.9366898;
2,0.9398168,0.9537703,14,3,264,4.09
Key: 14,3,264,4.09 | Score: 0.9537703;
Key: 14,3,149,5.05 | Score: 0.9444116;
Key: 7,3,24,9.54 | Score: 0.94053745;
Key: 13,3,36,6.02 | Score: 0.93900985;
Key: 13,3,36,6.02 | Score: 0.93900985;
Key: 14,3,208,4.57 | Score: 0.95350987;
Key: 11,3,145,6.8 | Score: 0.93397737;
Key: 14,3,151,5.05 | Score: 0.94672287;
Key: 11,3,88,7.29 | Score: 0.93098795;
Key: 14,3,151,5.05 | Score: 0.94672287;
3,0.942866,0.9537703,14,3,264,4.09
Key: 14,3,264,4.09 | Score: 0.9537703;
Key: 14,3,208,4.57 | Score: 0.95350987;
Key: 14,3,151,5.05 | Score: 0.94672287;
Key: 14,3,151,5.05 | Score: 0.94672287;
Key: 14,3,149,5.05 | Score: 0.9444116;
Key: 14,3,181,4.81 | Score: 0.9476626;
Key: 14,3,151,5.05 | Score: 0.94672287;
Key: 14,3,180,4.81 | Score: 0.9476796;
Key: 14,3,208,4.57 | Score: 0.95350987;
Key: 14,3,236,4.33 | Score: 0.9528382;
4,0.949355,0.9537703,14,3,264,4.09
2018.03.13.13.06.45
