2018.03.13.10.20.21
generation,average_fitness,best_fitness,best_w,best_w_n,best_s_r,best_lambda
Key: 15,3,70,24.5 | Score: 0.9208167;
Key: 19,3,72,28.64 | Score: 0.9189149;
Key: 8,3,254,17.82 | Score: 0.9220501;
Key: 20,3,288,9.26 | Score: 0.95493895;
Key: 8,3,97,4.69 | Score: 0.9387325;
Key: 15,3,229,3.09 | Score: 0.95914537;
Key: 5,3,391,4.87 | Score: 0.93945986;
Key: 11,3,3,6.71 | Score: 0.9142969;
Key: 2,3,21,22.92 | Score: 0.92823523;
Key: 19,3,6,29.51 | Score: 0.9262564;
0,0.9322847,0.95914537,15,3,229,3.09
Key: 15,3,229,3.09 | Score: 0.95914537;
Key: 20,3,288,9.26 | Score: 0.95493895;
Key: 5,3,389,4.87 | Score: 0.9394616;
Key: 8,3,97,4.69 | Score: 0.9387325;
Key: 2,3,21,22.92 | Score: 0.92823523;
Key: 12,3,164,3.88 | Score: 0.94691306;
Key: 6,3,244,4.78 | Score: 0.9392798;
Key: 14,3,193,6.99 | Score: 0.94441336;
Key: 13,3,339,7.08 | Score: 0.943823;
Key: 13,3,339,7.08 | Score: 0.943823;
1,0.94387656,0.95914537,15,3,229,3.09
Key: 15,3,229,3.09 | Score: 0.95914537;
Key: 20,3,288,9.26 | Score: 0.95493895;
Key: 12,3,164,3.88 | Score: 0.94691306;
Key: 14,3,193,6.99 | Score: 0.94441336;
Key: 13,3,339,7.08 | Score: 0.943823;
Key: 17,3,241,8.13 | Score: 0.9555667;
Key: 16,3,226,6.58 | Score: 0.95316553;
Key: 17,3,258,6.17 | Score: 0.95891005;
Key: 17,3,241,8.13 | Score: 0.9555667;
Key: 16,3,226,6.58 | Score: 0.95316553;
2,0.9525608,0.95914537,15,3,229,3.09
Key: 15,3,229,3.09 | Score: 0.95914537;
Key: 17,3,258,6.17 | Score: 0.95891005;
Key: 17,3,241,8.13 | Score: 0.9555667;
Key: 17,3,241,8.13 | Score: 0.9555667;
Key: 20,3,288,9.26 | Score: 0.95493895;
Key: 17,3,251,7.15 | Score: 0.95611286;
Key: 17,3,250,7.15 | Score: 0.95613045;
Key: 16,3,243,4.63 | Score: 0.9580922;
Key: 17,3,250,7.15 | Score: 0.95613045;
Key: 16,3,243,4.63 | Score: 0.9580922;
3,0.95686865,0.95914537,15,3,229,3.09
Key: 15,3,229,3.09 | Score: 0.95914537;
Key: 17,3,258,6.17 | Score: 0.95891005;
Key: 16,3,242,4.63 | Score: 0.9581173;
Key: 16,3,243,4.63 | Score: 0.9580922;
Key: 17,3,250,7.15 | Score: 0.95613045;
Key: 17,3,251,5.4 | Score: 0.9584341;
Key: 17,3,251,5.4 | Score: 0.9584341;
Key: 17,3,251,5.4 | Score: 0.9584341;
Key: 15,3,236,3.86 | Score: 0.95820487;
Key: 16,3,243,4.63 | Score: 0.9580922;
4,0.9581994,0.95914537,15,3,229,3.09
2018.03.13.11.24.45
