2018.03.13.04.49.22
generation,average_fitness,best_fitness,best_w,best_w_n,best_s_r,best_lambda
Key: 18,3,396,12.81 | Score: 0.9544506;
Key: 15,3,442,1.09 | Score: 0.96368587;
Key: 11,3,314,5.7 | Score: 0.94002914;
Key: 10,3,322,5.81 | Score: 0.93708086;
Key: 8,3,84,14.52 | Score: 0.9262163;
Key: 12,3,384,6.0 | Score: 0.9422554;
Key: 2,3,238,13.41 | Score: 0.92752284;
Key: 6,3,358,8.34 | Score: 0.93180054;
Key: 10,3,137,10.51 | Score: 0.92662627;
Key: 9,3,221,14.92 | Score: 0.92201847;
0,0.9371686,0.96368587,15,3,442,1.09
Key: 15,3,442,1.09 | Score: 0.96368587;
Key: 18,3,396,12.81 | Score: 0.9544506;
Key: 12,3,384,6.0 | Score: 0.9422554;
Key: 11,3,314,5.7 | Score: 0.94002914;
Key: 10,3,322,5.81 | Score: 0.93708086;
Key: 15,3,355,9.28 | Score: 0.9472391;
Key: 15,3,355,9.28 | Score: 0.9472391;
Key: 15,3,355,9.28 | Score: 0.9472391;
Key: 15,3,390,9.43 | Score: 0.9477771;
Key: 15,3,355,9.28 | Score: 0.9472391;
1,0.9474236,0.96368587,15,3,442,1.09
Key: 15,3,442,1.09 | Score: 0.96368587;
Key: 18,3,396,12.81 | Score: 0.9544506;
Key: 15,3,390,9.43 | Score: 0.9477771;
Key: 15,3,355,9.28 | Score: 0.9472391;
Key: 15,3,355,9.28 | Score: 0.9472391;
Key: 17,3,376,11.05 | Score: 0.9531557;
Key: 17,3,393,11.13 | Score: 0.9532883;
Key: 16,3,419,6.92 | Score: 0.95707756;
Key: 17,3,376,11.05 | Score: 0.9531557;
Key: 15,3,399,5.15 | Score: 0.95570767;
2,0.9532777,0.96368587,15,3,442,1.09
Key: 15,3,442,1.09 | Score: 0.96368587;
Key: 16,3,419,6.92 | Score: 0.95707756;
Key: 15,3,399,5.15 | Score: 0.95570767;
Key: 18,3,396,12.81 | Score: 0.9544506;
Key: 17,3,393,11.13 | Score: 0.9532883;
Key: 17,3,408,9.86 | Score: 0.95547694;
Key: 16,3,419,6.92 | Score: 0.95707756;
Key: 16,3,419,6.92 | Score: 0.95707756;
Key: 16,3,419,6.92 | Score: 0.95707756;
Key: 15,3,421,3.11 | Score: 0.9634435;
3,0.95743626,0.96368587,15,3,442,1.09
Key: 15,3,442,1.09 | Score: 0.96368587;
Key: 15,3,421,3.11 | Score: 0.9634435;
Key: 16,3,419,6.92 | Score: 0.95707756;
Key: 16,3,419,6.92 | Score: 0.95707756;
Key: 16,3,419,6.92 | Score: 0.95707756;
Key: 15,3,420,5.01 | Score: 0.95612156;
Key: 15,3,431,3.99 | Score: 0.95954025;
Key: 15,3,420,5.01 | Score: 0.95612156;
Key: 15,3,431,3.99 | Score: 0.95954025;
Key: 15,3,432,2.1 | Score: 0.9622913;
4,0.9591977,0.96368587,15,3,442,1.09
2018.03.13.05.42.59
