2018.03.12.05.33.27
generation,average_fitness,best_fitness,best_w,best_w_n,best_s_r,best_lambda
Key: 3,3,404,5.94 | Score: 0.9387249;
Key: 10,3,491,19.22 | Score: 0.9193567;
Key: 15,3,74,13.07 | Score: 0.9246799;
Key: 9,3,482,13.03 | Score: 0.92289776;
Key: 18,3,182,1.11 | Score: 0.9576068;
0,0.93265325,0.9576068,18,3,182,1.11
Key: 18,3,182,1.11 | Score: 0.9576068;
Key: 3,3,404,5.94 | Score: 0.9387249;
Key: 15,3,74,13.07 | Score: 0.9246799;
Key: 11,3,292,3.5 | Score: 0.94684255;
Key: 11,3,292,3.5 | Score: 0.94684255;
1,0.9429393,0.9576068,18,3,182,1.11
Key: 18,3,182,1.11 | Score: 0.9576068;
Key: 11,3,292,3.5 | Score: 0.94684255;
Key: 11,3,292,3.5 | Score: 0.94684255;
Key: 15,3,237,2.3 | Score: 0.9611886;
Key: 15,3,237,2.3 | Score: 0.9611886;
2,0.95473385,0.9611886,15,3,237,2.3
Key: 15,3,237,2.3 | Score: 0.9611886;
Key: 15,3,237,2.3 | Score: 0.9611886;
Key: 18,3,182,1.11 | Score: 0.9576068;
Key: 15,3,237,2.3 | Score: 0.9611886;
Key: 15,3,237,2.3 | Score: 0.9611886;
3,0.9604723,0.9611886,15,3,237,2.3
Key: 15,3,237,2.3 | Score: 0.9611886;
Key: 15,3,237,2.3 | Score: 0.9611886;
Key: 15,3,237,2.3 | Score: 0.9611886;
Key: 15,3,237,2.3 | Score: 0.9611886;
Key: 15,3,237,2.3 | Score: 0.9611886;
4,0.9611886,0.9611886,15,3,237,2.3
2018.03.12.05.50.12
