2018.03.12.04.23.43
generation,average_fitness,best_fitness,best_w,best_w_n,best_s_r,best_lambda
Key: 3,3,317,27.9 | Score: 0.9329563;
Key: 10,3,388,26.24 | Score: 0.9178644;
Key: 14,3,436,9.29 | Score: 0.943738;
Key: 12,3,264,13.75 | Score: 0.92621875;
Key: 14,3,386,14.11 | Score: 0.93459237;
0,0.93107396,0.943738,14,3,436,9.29
Key: 14,3,436,9.29 | Score: 0.943738;
Key: 14,3,386,14.11 | Score: 0.93459237;
Key: 3,3,317,27.9 | Score: 0.9329563;
Key: 14,3,411,11.69 | Score: 0.93942463;
Key: 14,3,411,11.69 | Score: 0.93942463;
1,0.9380272,0.943738,14,3,436,9.29
Key: 14,3,436,9.29 | Score: 0.943738;
Key: 14,3,411,11.69 | Score: 0.93942463;
Key: 14,3,411,11.69 | Score: 0.93942463;
Key: 14,3,424,10.49 | Score: 0.9422096;
Key: 14,3,424,10.49 | Score: 0.9422096;
2,0.9414013,0.943738,14,3,436,9.29
Key: 14,3,436,9.29 | Score: 0.943738;
Key: 14,3,424,10.49 | Score: 0.9422096;
Key: 14,3,424,10.49 | Score: 0.9422096;
Key: 14,3,430,9.89 | Score: 0.9432926;
Key: 14,3,430,9.89 | Score: 0.9432926;
3,0.9429485,0.943738,14,3,436,9.29
Key: 14,3,436,9.29 | Score: 0.943738;
Key: 14,3,430,9.89 | Score: 0.9432926;
Key: 14,3,430,9.89 | Score: 0.9432926;
Key: 14,3,433,9.59 | Score: 0.94522667;
Key: 14,3,433,9.59 | Score: 0.94522667;
4,0.94415534,0.94522667,14,3,433,9.59
2018.03.12.04.43.18
