2018.03.12.03.27.25
generation,average_fitness,best_fitness,best_w,best_w_n,best_s_r,best_lambda
Key: 17,3,92,17.34 | Score: 0.9249692;
Key: 9,3,254,16.37 | Score: 0.9213339;
Key: 10,3,118,18.89 | Score: 0.921203;
Key: 2,3,98,6.65 | Score: 0.934373;
Key: 17,3,330,9.37 | Score: 0.95475715;
0,0.9313272,0.95475715,17,3,330,9.37
Key: 17,3,330,9.37 | Score: 0.95475715;
Key: 2,3,98,6.65 | Score: 0.934373;
Key: 17,3,92,17.34 | Score: 0.9249692;
Key: 10,3,215,8.02 | Score: 0.9305447;
Key: 10,3,215,8.02 | Score: 0.9305447;
1,0.93503773,0.95475715,17,3,330,9.37
Key: 17,3,330,9.37 | Score: 0.95475715;
Key: 2,3,98,6.65 | Score: 0.934373;
Key: 10,3,214,8.02 | Score: 0.9305556;
Key: 10,3,215,8.02 | Score: 0.9305447;
Key: 10,3,215,8.02 | Score: 0.9305447;
2,0.936155,0.95475715,17,3,330,9.37
Key: 17,3,330,9.37 | Score: 0.95475715;
Key: 2,3,98,6.65 | Score: 0.934373;
Key: 10,3,214,8.02 | Score: 0.9305556;
Key: 10,3,215,8.02 | Score: 0.9305447;
Key: 10,3,215,8.02 | Score: 0.9305447;
3,0.936155,0.95475715,17,3,330,9.37
Key: 17,3,330,9.37 | Score: 0.95475715;
Key: 2,3,98,6.65 | Score: 0.934373;
Key: 10,3,214,8.02 | Score: 0.9305556;
Key: 10,3,214,8.02 | Score: 0.9305556;
Key: 10,3,215,8.02 | Score: 0.9305447;
4,0.9361572,0.95475715,17,3,330,9.37
2018.03.12.03.42.20
