2018.03.12.04.43.48
generation,average_fitness,best_fitness,best_w,best_w_n,best_s_r,best_lambda
Key: 7,3,365,12.73 | Score: 0.92559177;
Key: 5,3,153,28.44 | Score: 0.92977166;
Key: 15,3,182,6.14 | Score: 0.94997096;
Key: 14,3,2,2.92 | Score: 0.929713;
Key: 18,3,259,3.19 | Score: 0.96087337;
0,0.9391842,0.96087337,18,3,259,3.19
Key: 18,3,259,3.19 | Score: 0.96087337;
Key: 15,3,183,6.14 | Score: 0.9499481;
Key: 5,3,153,28.44 | Score: 0.92977166;
Key: 17,3,221,4.66 | Score: 0.95815516;
Key: 17,3,221,4.66 | Score: 0.95815516;
1,0.9513807,0.96087337,18,3,259,3.19
Key: 18,3,259,3.19 | Score: 0.96087337;
Key: 17,3,221,4.66 | Score: 0.95815516;
Key: 17,3,221,4.66 | Score: 0.95815516;
Key: 18,3,240,3.92 | Score: 0.958814;
Key: 18,3,240,3.92 | Score: 0.958814;
2,0.9589623,0.96087337,18,3,259,3.19
Key: 18,3,259,3.19 | Score: 0.96087337;
Key: 18,3,240,3.92 | Score: 0.958814;
Key: 18,3,240,3.92 | Score: 0.958814;
Key: 18,3,250,3.55 | Score: 0.96086746;
Key: 18,3,250,3.55 | Score: 0.96086746;
3,0.96004725,0.96087337,18,3,259,3.19
Key: 18,3,259,3.19 | Score: 0.96087337;
Key: 18,3,250,3.55 | Score: 0.96086746;
Key: 18,3,250,3.55 | Score: 0.96086746;
Key: 18,3,255,3.37 | Score: 0.9616269;
Key: 18,3,255,3.37 | Score: 0.9616269;
4,0.9611724,0.9616269,18,3,255,3.37
2018.03.12.05.11.30
