2018.03.12.09.36.55
generation,average_fitness,best_fitness,best_w,best_w_n,best_s_r,best_lambda
Key: 16,3,168,3.8 | Score: 0.95577157;
Key: 21,3,117,19.41 | Score: 0.9333592;
Key: 18,3,174,19.08 | Score: 0.94062066;
Key: 6,3,488,11.62 | Score: 0.9282306;
Key: 15,3,254,10.37 | Score: 0.94312406;
Key: 4,3,346,25.78 | Score: 0.9304437;
Key: 7,3,142,20.03 | Score: 0.9240695;
0,0.93651706,0.95577157,16,3,168,3.8
Key: 16,3,168,3.8 | Score: 0.95577157;
Key: 15,3,254,10.37 | Score: 0.94312406;
Key: 18,3,172,19.08 | Score: 0.94026756;
Key: 21,3,117,19.41 | Score: 0.9333592;
Key: 16,3,211,7.06 | Score: 0.9514217;
Key: 16,3,211,7.06 | Score: 0.9514217;
Key: 17,3,171,11.38 | Score: 0.94625443;
1,0.94594574,0.95577157,16,3,168,3.8
Key: 16,3,168,3.8 | Score: 0.95577157;
Key: 16,3,209,7.06 | Score: 0.9514757;
Key: 16,3,211,7.06 | Score: 0.9514217;
Key: 17,3,171,11.38 | Score: 0.94625443;
Key: 16,3,189,5.43 | Score: 0.9533372;
Key: 16,3,211,7.06 | Score: 0.9514217;
Key: 16,3,189,5.43 | Score: 0.9533372;
2,0.9518599,0.95577157,16,3,168,3.8
Key: 16,3,168,3.8 | Score: 0.95577157;
Key: 16,3,189,5.43 | Score: 0.9533372;
Key: 16,3,189,5.43 | Score: 0.9533372;
Key: 16,3,209,7.06 | Score: 0.9514757;
Key: 16,3,178,4.61 | Score: 0.955407;
Key: 16,3,178,4.61 | Score: 0.955407;
Key: 16,3,189,5.43 | Score: 0.9533372;
3,0.9540104,0.95577157,16,3,168,3.8
Key: 16,3,168,3.8 | Score: 0.95577157;
Key: 16,3,178,4.61 | Score: 0.955407;
Key: 16,3,178,4.61 | Score: 0.955407;
Key: 16,3,189,5.43 | Score: 0.9533372;
Key: 16,3,173,4.2 | Score: 0.9568577;
Key: 16,3,173,4.2 | Score: 0.9568577;
Key: 16,3,173,4.2 | Score: 0.9568577;
4,0.95578516,0.9568577,16,3,173,4.2
2018.03.12.10.16.38
