2018.03.12.10.56.44
generation,average_fitness,best_fitness,best_w,best_w_n,best_s_r,best_lambda
Key: 6,3,143,13.31 | Score: 0.92810076;
Key: 15,3,126,28.81 | Score: 0.9225165;
Key: 10,3,489,6.8 | Score: 0.9325174;
Key: 3,3,333,27.9 | Score: 0.9329512;
Key: 8,3,414,3.35 | Score: 0.94356716;
Key: 12,3,436,26.36 | Score: 0.92016745;
Key: 11,3,62,24.27 | Score: 0.9245526;
0,0.9291962,0.94356716,8,3,414,3.35
Key: 8,3,414,3.35 | Score: 0.94356716;
Key: 3,3,333,27.9 | Score: 0.9329512;
Key: 10,3,488,6.8 | Score: 0.9325211;
Key: 6,3,141,13.31 | Score: 0.92814404;
Key: 9,3,450,5.06 | Score: 0.9373088;
Key: 9,3,451,5.06 | Score: 0.9373052;
Key: 6,3,411,17.35 | Score: 0.92568207;
1,0.9339256,0.94356716,8,3,414,3.35
Key: 8,3,414,3.35 | Score: 0.94356716;
Key: 9,3,450,5.06 | Score: 0.9373088;
Key: 9,3,451,5.06 | Score: 0.9373052;
Key: 3,3,333,27.9 | Score: 0.9329512;
Key: 9,3,451,5.06 | Score: 0.9373052;
Key: 8,3,432,4.2 | Score: 0.94012594;
Key: 8,3,432,4.2 | Score: 0.94012594;
2,0.9383842,0.94356716,8,3,414,3.35
Key: 8,3,414,3.35 | Score: 0.94356716;
Key: 8,3,433,4.2 | Score: 0.9401242;
Key: 8,3,432,4.2 | Score: 0.94012594;
Key: 9,3,450,5.06 | Score: 0.9373088;
Key: 8,3,423,3.77 | Score: 0.94058746;
Key: 8,3,423,3.77 | Score: 0.94058746;
Key: 8,3,423,3.77 | Score: 0.94058746;
3,0.94041264,0.94356716,8,3,414,3.35
Key: 8,3,414,3.35 | Score: 0.94356716;
Key: 8,3,423,3.77 | Score: 0.94058746;
Key: 8,3,423,3.77 | Score: 0.94058746;
Key: 8,3,423,3.77 | Score: 0.94058746;
Key: 8,3,418,3.56 | Score: 0.94173515;
Key: 8,3,423,3.77 | Score: 0.94058746;
Key: 8,3,418,3.56 | Score: 0.94173515;
4,0.94134104,0.94356716,8,3,414,3.35
2018.03.12.11.22.33
