2018.03.12.11.23.03
generation,average_fitness,best_fitness,best_w,best_w_n,best_s_r,best_lambda
Key: 3,3,34,6.19 | Score: 0.9384547;
Key: 16,3,374,20.73 | Score: 0.9395274;
Key: 3,3,202,5.05 | Score: 0.9393255;
Key: 20,3,162,7.1 | Score: 0.9576386;
Key: 18,3,161,15.35 | Score: 0.94403327;
Key: 21,3,431,18.23 | Score: 0.9462204;
Key: 15,3,179,19.43 | Score: 0.9292795;
0,0.94206846,0.9576386,20,3,162,7.1
Key: 20,3,162,7.1 | Score: 0.9576386;
Key: 21,3,431,18.23 | Score: 0.9462204;
Key: 18,3,161,15.35 | Score: 0.94403327;
Key: 16,3,374,20.73 | Score: 0.9395274;
Key: 20,3,296,12.63 | Score: 0.95344174;
Key: 20,3,296,16.79 | Score: 0.95185584;
Key: 20,3,298,16.79 | Score: 0.9517852;
1,0.94921464,0.9576386,20,3,162,7.1
Key: 20,3,162,7.1 | Score: 0.9576386;
Key: 20,3,296,12.63 | Score: 0.95344174;
Key: 20,3,296,16.79 | Score: 0.95185584;
Key: 20,3,298,16.79 | Score: 0.9517852;
Key: 20,3,296,14.71 | Score: 0.95287883;
Key: 20,3,229,11.93 | Score: 0.9541359;
Key: 20,3,229,11.93 | Score: 0.9541359;
2,0.95369595,0.9576386,20,3,162,7.1
Key: 20,3,162,7.1 | Score: 0.9576386;
Key: 20,3,229,11.93 | Score: 0.9541359;
Key: 20,3,229,11.93 | Score: 0.9541359;
Key: 20,3,298,12.63 | Score: 0.953353;
Key: 20,3,195,9.51 | Score: 0.95641786;
Key: 20,3,229,11.93 | Score: 0.9541359;
Key: 20,3,195,9.51 | Score: 0.95641786;
3,0.9551764,0.9576386,20,3,162,7.1
Key: 20,3,162,7.1 | Score: 0.9576386;
Key: 20,3,195,9.51 | Score: 0.95641786;
Key: 20,3,195,9.51 | Score: 0.95641786;
Key: 20,3,229,11.93 | Score: 0.9541359;
Key: 20,3,195,9.51 | Score: 0.95641786;
Key: 20,3,178,8.3 | Score: 0.9552476;
Key: 20,3,195,9.51 | Score: 0.95641786;
4,0.95609903,0.9576386,20,3,162,7.1
2018.03.12.12.19.41
