2018.03.12.08.52.53
generation,average_fitness,best_fitness,best_w,best_w_n,best_s_r,best_lambda
Key: 19,3,435,23.76 | Score: 0.9471815;
Key: 3,3,351,24.66 | Score: 0.931176;
Key: 5,3,431,23.54 | Score: 0.92764044;
Key: 11,3,173,28.31 | Score: 0.91835827;
Key: 18,3,242,26.47 | Score: 0.9414925;
Key: 11,3,491,16.43 | Score: 0.9217878;
Key: 14,3,351,28.71 | Score: 0.9250732;
0,0.9303871,0.9471815,19,3,435,23.76
Key: 19,3,435,23.76 | Score: 0.9471815;
Key: 18,3,242,26.47 | Score: 0.9414925;
Key: 3,3,351,24.66 | Score: 0.931176;
Key: 5,3,431,23.54 | Score: 0.92764044;
Key: 19,3,339,25.11 | Score: 0.94698805;
Key: 11,3,393,24.21 | Score: 0.91807157;
Key: 11,3,393,24.21 | Score: 0.91807157;
1,0.932946,0.9471815,19,3,435,23.76
Key: 19,3,435,23.76 | Score: 0.9471815;
Key: 19,3,337,25.11 | Score: 0.9470299;
Key: 18,3,242,26.47 | Score: 0.9414925;
Key: 3,3,351,24.66 | Score: 0.931176;
Key: 19,3,387,24.43 | Score: 0.94721943;
Key: 19,3,339,25.11 | Score: 0.94698805;
Key: 19,3,291,25.79 | Score: 0.94610626;
2,0.94388485,0.94721943,19,3,387,24.43
Key: 19,3,387,24.43 | Score: 0.94721943;
Key: 19,3,435,23.76 | Score: 0.9471815;
Key: 19,3,337,25.11 | Score: 0.9470299;
Key: 19,3,339,25.11 | Score: 0.94698805;
Key: 19,3,386,24.43 | Score: 0.9472314;
Key: 19,3,362,24.77 | Score: 0.9464633;
Key: 19,3,386,24.43 | Score: 0.9472314;
3,0.94704926,0.9472314,19,3,386,24.43
Key: 19,3,386,24.43 | Score: 0.9472314;
Key: 19,3,386,24.43 | Score: 0.9472314;
Key: 19,3,387,24.43 | Score: 0.94721943;
Key: 19,3,435,23.76 | Score: 0.9471815;
Key: 19,3,385,24.43 | Score: 0.94723535;
Key: 19,3,386,24.43 | Score: 0.9472314;
Key: 19,3,387,24.43 | Score: 0.94721943;
4,0.9472214,0.94723535,19,3,385,24.43
2018.03.12.09.36.24
