2018.03.12.10.17.09
generation,average_fitness,best_fitness,best_w,best_w_n,best_s_r,best_lambda
Key: 15,3,450,1.85 | Score: 0.9627377;
Key: 16,3,336,7.38 | Score: 0.95368826;
Key: 11,3,99,7.45 | Score: 0.93152666;
Key: 8,3,247,22.5 | Score: 0.9213127;
Key: 7,3,139,19.12 | Score: 0.9241762;
Key: 5,3,172,15.52 | Score: 0.9283103;
Key: 17,3,110,22.58 | Score: 0.92516816;
0,0.93527424,0.9627377,15,3,450,1.85
Key: 15,3,450,1.85 | Score: 0.9627377;
Key: 16,3,336,7.38 | Score: 0.95368826;
Key: 11,3,99,7.45 | Score: 0.93152666;
Key: 5,3,172,15.52 | Score: 0.9283103;
Key: 14,3,219,7.41 | Score: 0.9442323;
Key: 13,3,277,4.6 | Score: 0.948358;
Key: 15,3,393,4.6 | Score: 0.96009547;
1,0.94699275,0.9627377,15,3,450,1.85
Key: 15,3,450,1.85 | Score: 0.9627377;
Key: 15,3,393,4.6 | Score: 0.96009547;
Key: 16,3,336,7.38 | Score: 0.95368826;
Key: 13,3,277,4.6 | Score: 0.948358;
Key: 15,3,365,5.99 | Score: 0.95658517;
Key: 15,3,365,5.99 | Score: 0.95658517;
Key: 15,3,422,3.22 | Score: 0.9624344;
2,0.95721203,0.9627377,15,3,450,1.85
Key: 15,3,450,1.85 | Score: 0.9627377;
Key: 15,3,422,3.22 | Score: 0.9624344;
Key: 15,3,392,4.6 | Score: 0.96009356;
Key: 15,3,365,5.99 | Score: 0.95658517;
Key: 15,3,436,2.53 | Score: 0.96309257;
Key: 15,3,436,2.53 | Score: 0.96309257;
Key: 15,3,422,3.22 | Score: 0.9624344;
3,0.9614957,0.96309257,15,3,436,2.53
Key: 15,3,436,2.53 | Score: 0.96309257;
Key: 15,3,436,2.53 | Score: 0.96309257;
Key: 15,3,450,1.85 | Score: 0.9627377;
Key: 15,3,422,3.22 | Score: 0.9624344;
Key: 15,3,443,2.19 | Score: 0.96298;
Key: 15,3,438,2.53 | Score: 0.96308684;
Key: 15,3,443,2.19 | Score: 0.96298;
4,0.9629148,0.96309257,15,3,436,2.53
2018.03.12.10.56.14
